# Matter power spectrum P(k) at redshift z=0
# for k=1.024e-05 to 131.393 h/Mpc,
# number of wavenumbers equal to 625
#    1:k (h/Mpc)              2:P (Mpc/h)^3        
       1.024000332904e-05       6.237954020445e+01 
       2.280552461713e-05       1.342146421524e+02 
       3.541321842686e-05       2.053278234996e+02 
       4.809536248710e-05       2.756327903198e+02 
       6.088474376952e-05       3.456833751252e+02 
       7.381493674943e-05       4.159647839266e+02 
       8.692059016445e-05       4.866964549107e+02 
       1.002377259138e-04       5.581320018202e+02 
       1.138040537698e-04       6.304675594748e+02 
       1.276593056052e-04       7.039978896587e+02 
       1.418455928511e-04       7.789271479887e+02 
       1.564077908683e-04       8.555075169231e+02 
       1.713939537924e-04       9.340047956439e+02 
       1.868557631539e-04       1.014680377308e+03 
       2.028490131011e-04       1.097810562522e+03 
       2.194341342760e-04       1.183701750398e+03 
       2.366767571814e-04       1.272679584539e+03 
       2.546483140752e-04       1.365088218390e+03 
       2.734266758359e-04       1.461308115487e+03 
       2.930968166060e-04       1.561738250376e+03 
       3.137514940720e-04       1.666818100486e+03 
       3.354919266398e-04       1.777019655855e+03 
       3.584284402242e-04       1.892857789206e+03 
       3.826810466122e-04       2.014879279413e+03 
       4.083799022941e-04       2.143673566899e+03 
       4.356655814603e-04       2.279866774397e+03 
       4.646890802524e-04       2.424126940640e+03 
       4.956114527848e-04       2.577152733704e+03 
       5.286029654524e-04       2.739669022365e+03 
       5.638416484241e-04       2.912417980932e+03 
       6.015111271569e-04       3.096146412131e+03 
       6.417976383870e-04       3.291586429542e+03 
       6.848861804694e-04       3.499435842019e+03 
       7.309558213851e-04       3.720333351429e+03 
       7.801742889150e-04       3.954831546396e+03 
       8.326920888000e-04       4.203365792930e+03 
       8.886365212960e-04       4.466230943685e+03 
       9.481060689878e-04       4.743554391840e+03 
       1.011165679607e-03       5.035275473325e+03 
       1.077843441892e-03       5.341138623472e+03 
       1.148129039684e-03       5.660691483506e+03 
       1.221974180741e-03       5.993294249745e+03 
       1.299294965623e-03       6.338139260436e+03 
       1.379975935554e-03       6.694235620879e+03 
       1.463875362660e-03       7.060561385336e+03 
       1.550831252532e-03       7.435995669200e+03 
       1.640667525353e-03       7.819370709815e+03 
       1.733199913602e-03       8.209512428688e+03 
       1.828241233237e-03       8.605263045914e+03 
       1.925605819936e-03       9.005514169024e+03 
       2.025113046725e-03       9.409200857284e+03 
       2.126589938212e-03       9.815331067881e+03 
       2.229872964014e-03       1.022299136347e+04 
       2.334809131420e-03       1.063133929645e+04 
       2.441256510756e-03       1.103961303908e+04 
       2.549084323615e-03       1.144712645042e+04 
       2.658172710728e-03       1.185326105510e+04 
       2.768412278116e-03       1.225747550214e+04 
       2.879703500958e-03       1.265928205415e+04 
       2.991956046557e-03       1.305825570126e+04 
       3.105088062073e-03       1.345402323933e+04 
       3.219025459678e-03       1.384625445986e+04 
       3.333701221479e-03       1.423467095989e+04 
       3.449054738646e-03       1.461901920438e+04 
       3.565031193278e-03       1.499909413365e+04 
       3.681580987298e-03       1.537470626474e+04 
       3.798659219665e-03       1.574571114077e+04 
       3.916225211198e-03       1.611196180310e+04 
       4.034242074984e-03       1.647335711625e+04 
       4.152676329593e-03       1.682980349537e+04 
       4.271497551886e-03       1.718122511061e+04 
       4.390678066053e-03       1.752755722911e+04 
       4.510192665559e-03       1.786875614537e+04 
       4.630018364750e-03       1.820477375730e+04 
       4.750134177111e-03       1.853558624956e+04 
       4.870520917354e-03       1.886118177008e+04 
       4.991161024784e-03       1.918156355571e+04 
       5.112038405596e-03       1.949673380574e+04 
       5.233138292024e-03       1.980666308902e+04 
       5.354447116461e-03       2.011140528372e+04 
       5.475952398867e-03       2.041095898049e+04 
       5.597642645989e-03       2.070533669058e+04 
       5.719507261061e-03       2.099457639243e+04 
       5.841536462814e-03       2.127868528123e+04 
       5.963721212762e-03       2.155772542852e+04 
       6.086053149852e-03       2.183170379080e+04 
       6.208524531653e-03       2.210066548860e+04 
       6.331128181381e-03       2.236464803437e+04 
       6.453857440120e-03       2.262368185887e+04 
       6.576706123682e-03       2.287780819832e+04 
       6.699668483604e-03       2.312707028113e+04 
       6.822739171853e-03       2.337153277233e+04 
       6.945913208841e-03       2.361120247798e+04 
       7.069185954408e-03       2.384614051616e+04 
       7.192553081474e-03       2.407639427403e+04 
       7.316010552073e-03       2.430198340113e+04 
       7.439554595549e-03       2.452299138324e+04 
       7.563181688673e-03       2.473950735682e+04 
       7.686888537518e-03       2.495145166096e+04 
       7.810672060896e-03       2.515894370417e+04 
       7.934529375221e-03       2.536201513332e+04 
       8.058457780658e-03       2.556071302629e+04 
       8.182454748428e-03       2.575510975090e+04 
       8.306517909175e-03       2.594522153166e+04 
       8.430645042284e-03       2.613110193652e+04 
       8.554834066068e-03       2.631279045739e+04 
       8.679083028747e-03       2.649033814859e+04 
       8.803390100142e-03       2.666379092478e+04 
       8.927753564027e-03       2.683318907791e+04 
       9.052171811078e-03       2.699857883284e+04 
       9.176643332364e-03       2.716001081208e+04 
       9.301166713341e-03       2.731752329613e+04 
       9.425740628300e-03       2.747115644682e+04 
       9.550363835234e-03       2.762095880942e+04 
       9.675035171088e-03       2.776698211768e+04 
       9.799753547357e-03       2.790925110859e+04 
       9.924517946014e-03       2.804782635909e+04 
       1.004932741573e-02       2.818273201527e+04 
       1.017418106837e-02       2.831401907451e+04 
       1.029907807574e-02       2.844171887230e+04 
       1.042401766656e-02       2.856588649891e+04 
       1.054899912366e-02       2.868654850610e+04 
       1.067402178140e-02       2.880375805534e+04 
       1.079908502319e-02       2.891756414966e+04 
       1.092418827927e-02       2.902798986246e+04 
       1.104933102464e-02       2.913508375394e+04 
       1.117451277704e-02       2.923887833858e+04 
       1.129973309520e-02       2.933941355327e+04 
       1.142499157710e-02       2.943673162082e+04 
       1.155028785843e-02       2.953085838881e+04 
       1.167562161111e-02       2.962183550493e+04 
       1.180099254194e-02       2.970970406835e+04 
       1.192640039132e-02       2.979449486402e+04 
       1.205184493206e-02       2.987624922920e+04 
       1.217732596834e-02       2.995501368712e+04 
       1.230284333460e-02       3.003080981274e+04 
       1.242839689469e-02       3.010366804771e+04 
       1.255398654091e-02       3.017363328531e+04 
       1.267961219325e-02       3.024075057710e+04 
       1.280527379862e-02       3.030504597011e+04 
       1.293097133013e-02       3.036644438616e+04 
       1.305670478647e-02       3.042518997825e+04 
       1.318247419131e-02       3.048111724904e+04 
       1.330827959275e-02       3.053444466730e+04 
       1.343412106281e-02       3.058511173310e+04 
       1.355999869697e-02       3.063314991202e+04 
       1.368591261376e-02       3.067860327535e+04 
       1.381186295437e-02       3.072149084368e+04 
       1.393784988230e-02       3.076186110357e+04 
       1.406387358304e-02       3.079972766570e+04 
       1.418993426380e-02       3.083512458206e+04 
       1.431603215326e-02       3.086809784838e+04 
       1.444216750136e-02       3.089865879623e+04 
       1.456834057907e-02       3.092686708765e+04 
       1.469455167827e-02       3.095267386045e+04 
       1.482080111159e-02       3.097625136780e+04 
       1.494708921230e-02       3.099746051943e+04 
       1.507341633423e-02       3.101634166857e+04 
       1.519978285168e-02       3.103326920529e+04 
       1.532618915940e-02       3.104790986401e+04 
       1.545263567257e-02       3.106034746980e+04 
       1.557912282678e-02       3.107062137512e+04 
       1.570565107806e-02       3.107870299184e+04 
       1.583222090294e-02       3.108486051488e+04 
       1.595883279846e-02       3.108898513972e+04 
       1.608548728231e-02       3.109095322143e+04 
       1.621218489289e-02       3.109094926051e+04 
       1.633892618941e-02       3.108916912727e+04 
       1.646571175207e-02       3.108531601006e+04 
       1.659254218217e-02       3.107950437880e+04 
       1.671941810232e-02       3.107173348103e+04 
       1.684634015656e-02       3.106229137120e+04 
       1.697330901063e-02       3.105101759162e+04 
       1.710032535216e-02       3.103791542758e+04 
       1.722738989088e-02       3.102290197488e+04 
       1.735450335894e-02       3.100622325969e+04 
       1.748166651109e-02       3.098781273255e+04 
       1.760888012505e-02       3.096756461351e+04 
       1.773614500174e-02       3.094572850500e+04 
       1.786346196567e-02       3.092231872191e+04 
       1.799083186519e-02       3.089722864482e+04 
       1.811825557293e-02       3.087059051798e+04 
       1.824573398610e-02       3.084238140654e+04 
       1.837326802690e-02       3.081244208081e+04 
       1.850085864292e-02       3.078104328167e+04 
       1.862850680759e-02       3.074823054554e+04 
       1.875621352054e-02       3.071388437549e+04 
       1.888397980812e-02       3.067813963085e+04 
       1.901180672387e-02       3.064104342872e+04 
       1.913969534896e-02       3.060217338682e+04 
       1.926764679274e-02       3.056208478583e+04 
       1.939566219325e-02       3.052072476766e+04 
       1.952374271780e-02       3.047796551328e+04 
       1.965188956345e-02       3.043403784794e+04 
       1.978010395770e-02       3.038846693934e+04 
       1.990838715901e-02       3.034184432860e+04 
       2.003674045748e-02       3.029397227244e+04 
       2.016516517545e-02       3.024479041930e+04 
       2.029366266823e-02       3.019443243621e+04 
       2.042223432471e-02       3.014307965986e+04 
       2.055088156815e-02       3.009010615527e+04 
       2.067960585684e-02       3.003629797401e+04 
       2.080840868494e-02       2.998126583659e+04 
       2.093729158320e-02       2.992520309131e+04 
       2.106625611978e-02       2.986798363888e+04 
       2.119530390110e-02       2.980971745397e+04 
       2.132443657271e-02       2.975039802967e+04 
       2.145365582014e-02       2.969005720237e+04 
       2.158296336985e-02       2.962874793912e+04 
       2.171236099015e-02       2.956650719956e+04 
       2.184185049218e-02       2.950328959663e+04 
       2.197143373095e-02       2.943897713300e+04 
       2.210111260630e-02       2.937367275349e+04 
       2.223088906404e-02       2.930761630169e+04 
       2.236076509703e-02       2.924064216062e+04 
       2.249074274629e-02       2.917277845486e+04 
       2.262082410221e-02       2.910406234449e+04 
       2.275101130574e-02       2.903454990311e+04 
       2.288130654964e-02       2.896425303740e+04 
       2.301171207977e-02       2.889323346869e+04 
       2.314223019641e-02       2.882113088237e+04 
       2.327286325563e-02       2.874833459061e+04 
       2.340361367074e-02       2.867490967472e+04 
       2.353448391368e-02       2.860071836808e+04 
       2.366547651660e-02       2.852580535992e+04 
       2.379659407334e-02       2.845019327510e+04 
       2.392783924111e-02       2.837390294296e+04 
       2.405921474210e-02       2.829719091404e+04 
       2.419072336519e-02       2.821943105178e+04 
       2.432236796775e-02       2.814112933034e+04 
       2.445415147744e-02       2.806230682791e+04 
       2.458607689408e-02       2.798285387794e+04 
       2.471814729166e-02       2.790281613473e+04 
       2.485036582029e-02       2.782220866883e+04 
       2.498273570831e-02       2.774114670178e+04 
       2.511526026445e-02       2.765957604710e+04 
       2.524794288002e-02       2.757715238692e+04 
       2.538078703128e-02       2.749437455040e+04 
       2.551379628174e-02       2.741116803701e+04 
       2.564697428468e-02       2.732745572281e+04 
       2.578032478567e-02       2.724326917674e+04 
       2.591385162523e-02       2.715863076645e+04 
       2.604755874155e-02       2.707376920576e+04 
       2.618145017332e-02       2.698802732695e+04 
       2.631553006265e-02       2.690212850660e+04 
       2.644980265814e-02       2.681579606436e+04 
       2.658427231796e-02       2.672911318974e+04 
       2.671894351318e-02       2.664203141998e+04 
       2.685382083112e-02       2.655459666879e+04 
       2.698890897883e-02       2.646678427332e+04 
       2.712421278678e-02       2.637868234991e+04 
       2.725973721256e-02       2.629027286941e+04 
       2.739548734487e-02       2.620160889320e+04 
       2.753146840751e-02       2.611245955687e+04 
       2.766768576366e-02       2.602304539264e+04 
       2.780414492022e-02       2.593347203524e+04 
       2.794085153237e-02       2.584344659997e+04 
       2.807781140831e-02       2.575329348148e+04 
       2.821503051417e-02       2.566285266777e+04 
       2.835251497913e-02       2.557219261432e+04 
       2.849027110071e-02       2.548137192825e+04 
       2.862830535034e-02       2.539045389260e+04 
       2.876662437909e-02       2.529899757102e+04 
       2.890523502369e-02       2.520751728343e+04 
       2.904414431275e-02       2.511577601328e+04 
       2.918335947327e-02       2.502392846774e+04 
       2.932288793744e-02       2.493188678546e+04 
       2.946273734967e-02       2.483969591134e+04 
       2.960291557399e-02       2.474749961163e+04 
       2.974343070174e-02       2.465496665618e+04 
       2.988429105957e-02       2.456228006690e+04 
       3.002550521783e-02       2.446966985428e+04 
       3.016708199932e-02       2.437671684555e+04 
       3.030903048843e-02       2.428378712885e+04 
       3.045136004070e-02       2.419070863288e+04 
       3.059408029281e-02       2.409760506154e+04 
       3.073720117301e-02       2.400444442838e+04 
       3.088073291206e-02       2.391101256371e+04 
       3.102468605472e-02       2.381767816032e+04 
       3.116907147166e-02       2.372420048838e+04 
       3.131390037212e-02       2.363073071281e+04 
       3.145918431699e-02       2.353714014190e+04 
       3.160493523265e-02       2.344372633949e+04 
       3.175116542549e-02       2.334995304273e+04 
       3.189788759709e-02       2.325622211397e+04 
       3.204511486017e-02       2.316266416537e+04 
       3.219286075541e-02       2.306887786355e+04 
       3.234113926908e-02       2.297507957120e+04 
       3.248996485157e-02       2.288132156652e+04 
       3.263935243694e-02       2.278756037078e+04 
       3.278931746343e-02       2.269383429801e+04 
       3.293987589517e-02       2.260023448499e+04 
       3.309104424491e-02       2.250640758848e+04 
       3.324283959815e-02       2.241262801012e+04 
       3.339527963850e-02       2.231885764150e+04 
       3.354838267444e-02       2.222518826301e+04 
       3.370216766768e-02       2.213150409858e+04 
       3.385665426301e-02       2.203777112260e+04 
       3.401186282001e-02       2.194421837302e+04 
       3.416781444647e-02       2.185065149569e+04 
       3.432453103385e-02       2.175707785573e+04 
       3.448203529487e-02       2.166344622204e+04 
       3.464035080331e-02       2.157000997823e+04 
       3.479950203627e-02       2.147655757168e+04 
       3.495951441903e-02       2.138314150346e+04 
       3.512041437275e-02       2.128976945748e+04 
       3.528222936510e-02       2.119643802584e+04 
       3.544498796423e-02       2.110308840841e+04 
       3.560871989618e-02       2.100987858679e+04 
       3.577345610607e-02       2.091661500811e+04 
       3.593922882337e-02       2.082347004746e+04 
       3.610607163159e-02       2.073046579988e+04 
       3.627401954264e-02       2.063736385215e+04 
       3.644310907647e-02       2.054425852193e+04 
       3.661337834616e-02       2.045134596657e+04 
       3.678486714915e-02       2.035842880326e+04 
       3.695761706500e-02       2.026554112475e+04 
       3.713167156030e-02       2.017271314018e+04 
       3.730707610138e-02       2.007983562112e+04 
       3.748387827544e-02       1.998706283299e+04 
       3.766212792096e-02       1.989431533288e+04 
       3.784187726823e-02       1.980159426824e+04 
       3.802318109082e-02       1.970892230767e+04 
       3.820609686922e-02       1.961630298600e+04 
       3.839068496773e-02       1.952365399584e+04 
       3.857700882583e-02       1.943100120699e+04 
       3.876513516560e-02       1.933830996801e+04 
       3.895513421671e-02       1.924568000976e+04 
       3.914707996089e-02       1.915305608710e+04 
       3.934105039770e-02       1.906040934130e+04 
       3.953712783418e-02       1.896779998069e+04 
       3.973539920062e-02       1.887506352924e+04 
       3.993595639556e-02       1.878233138879e+04 
       4.013889666314e-02       1.868956939518e+04 
       4.034432300653e-02       1.859675945879e+04 
       4.055234464161e-02       1.850395724911e+04 
       4.076307749556e-02       1.841095182010e+04 
       4.097664475587e-02       1.831791216898e+04 
       4.119317747582e-02       1.822489986504e+04 
       4.141281524343e-02       1.813157533328e+04 
       4.163570692203e-02       1.803822209667e+04 
       4.186201147165e-02       1.794474166338e+04 
       4.209189886184e-02       1.785110490877e+04 
       4.232555108830e-02       1.775736803589e+04 
       4.256316330751e-02       1.766331527145e+04 
       4.280494510593e-02       1.756912730429e+04 
       4.305112192309e-02       1.747473918035e+04 
       4.330193665092e-02       1.738001759708e+04 
       4.355765143591e-02       1.728507241860e+04 
       4.381854971490e-02       1.718982875090e+04 
       4.408493852127e-02       1.709426706031e+04 
       4.435715110455e-02       1.699843688359e+04 
       4.463554991504e-02       1.690209901618e+04 
       4.492053001465e-02       1.680534049748e+04 
       4.521252298709e-02       1.670809239934e+04 
       4.551200143559e-02       1.661039136128e+04 
       4.581948417415e-02       1.651214367548e+04 
       4.613554224081e-02       1.641329269395e+04 
       4.646080588911e-02       1.631376901757e+04 
       4.679597274847e-02       1.621358110888e+04 
       4.714181738722e-02       1.611257358982e+04 
       4.749920256636e-02       1.601078753842e+04 
       4.786909254018e-02       1.590800095167e+04 
       4.825256884622e-02       1.580419699768e+04 
       4.865084913658e-02       1.569925024424e+04 
       4.906530974176e-02       1.559299583253e+04 
       4.949751283582e-02       1.548547848001e+04 
       4.994923929776e-02       1.537636034027e+04 
       5.042252865201e-02       1.526552994656e+04 
       5.091972783590e-02       1.515277168550e+04 
       5.144355099983e-02       1.503786639737e+04 
       5.199715311148e-02       1.492035852591e+04 
       5.258422081343e-02       1.480016267245e+04 
       5.320908475279e-02       1.467665266790e+04 
       5.387685838283e-02       1.454935638869e+04 
       5.459360882305e-02       1.441758081762e+04 
       5.536656529399e-02       1.428049084714e+04 
       5.620436895361e-02       1.413697071002e+04 
       5.711736275649e-02       1.398564236126e+04 
       5.811790769141e-02       1.382460085597e+04 
       5.922068626966e-02       1.365136711661e+04 
       6.044290595677e-02       1.346261483647e+04 
       6.180423324400e-02       1.325392103984e+04 
       6.332617042163e-02       1.301952339877e+04 
       6.503046678076e-02       1.275207868296e+04 
       6.693616254666e-02       1.244306581161e+04 
       6.905525622067e-02       1.208358545974e+04 
       7.138798863467e-02       1.166655944171e+04 
       7.391997834836e-02       1.118972934095e+04 
       7.662353958717e-02       1.065815537791e+04 
       7.946334509301e-02       1.008539735349e+04 
       8.240366793934e-02       9.491514389018e+03 
       8.541380327168e-02       8.899714249597e+03 
       8.847027182335e-02       8.332347350271e+03 
       9.155652592416e-02       7.808004469542e+03 
       9.466152568885e-02       7.339536702879e+03 
       9.777816407197e-02       6.933924354207e+03 
       1.009019683148e-01       6.592267946563e+03 
       1.040301629724e-01       6.310720665757e+03 
       1.071610406735e-01       6.081756500137e+03 
       1.102935565704e-01       5.895142426217e+03 
       1.134270732107e-01       5.739112652911e+03 
       1.165612023400e-01       5.601552066062e+03 
       1.196957076545e-01       5.471020953387e+03 
       1.228304453334e-01       5.337718347938e+03 
       1.259653277867e-01       5.194176017397e+03 
       1.291003015971e-01       5.036127988812e+03 
       1.322353341135e-01       4.862215789078e+03 
       1.353704053078e-01       4.674060978260e+03 
       1.385055028292e-01       4.475639382349e+03 
       1.416406190016e-01       4.272407664802e+03 
       1.447757490003e-01       4.070416733617e+03 
       1.479108897438e-01       3.875709575045e+03 
       1.510460392204e-01       3.693464470008e+03 
       1.541811960787e-01       3.527578756356e+03 
       1.573163593778e-01       3.380501641000e+03 
       1.604515284352e-01       3.253051698399e+03 
       1.635867027331e-01       3.144651737564e+03 
       1.667218818616e-01       3.053446207271e+03 
       1.698570654827e-01       2.976636863946e+03 
       1.729922533088e-01       2.910796812730e+03 
       1.761274450881e-01       2.852238567542e+03 
       1.792626405962e-01       2.797647873905e+03 
       1.823978396298e-01       2.743927703021e+03 
       1.855330420031e-01       2.687819373168e+03 
       1.886682475447e-01       2.627354789629e+03 
       1.918034560960e-01       2.561518704673e+03 
       1.949386675093e-01       2.490278958140e+03 
       1.980738816469e-01       2.414564355877e+03 
       2.012090983799e-01       2.335904759755e+03 
       2.043443175877e-01       2.256253905463e+03 
       2.074795391571e-01       2.177574195876e+03 
       2.106147629818e-01       2.101657391264e+03 
       2.137499889618e-01       2.029984971114e+03 
       2.168852170028e-01       1.963596463269e+03 
       2.200204470161e-01       1.903168015997e+03 
       2.231556789180e-01       1.848961797540e+03 
       2.262909126294e-01       1.800861067117e+03 
       2.294261480757e-01       1.758385016396e+03 
       2.325613851861e-01       1.720749244968e+03 
       2.356966238940e-01       1.686899607594e+03 
       2.388318641358e-01       1.655664031050e+03 
       2.419671058517e-01       1.625860410586e+03 
       2.451023489847e-01       1.596446606471e+03 
       2.482375934808e-01       1.566588481115e+03 
       2.513728392886e-01       1.535702168480e+03 
       2.545080863594e-01       1.503504838245e+03 
       2.576433346468e-01       1.469943983556e+03 
       2.607785841067e-01       1.435190121084e+03 
       2.639138346969e-01       1.399598591283e+03 
       2.670490863776e-01       1.363645924187e+03 
       2.701843391104e-01       1.327915100420e+03 
       2.733195928590e-01       1.293010064861e+03 
       2.764548475886e-01       1.259492275217e+03 
       2.795901032661e-01       1.227802233798e+03 
       2.827253598597e-01       1.198241954204e+03 
       2.858606173391e-01       1.170918888873e+03 
       2.889958756754e-01       1.145772273542e+03 
       2.921311348407e-01       1.122625924733e+03 
       2.952663948087e-01       1.101202501014e+03 
       2.984016555537e-01       1.081192977110e+03 
       3.015369170515e-01       1.062250771376e+03 
       3.046721792787e-01       1.044048898183e+03 
       3.078074422129e-01       1.026262429964e+03 
       3.109427058326e-01       1.008604684489e+03 
       3.140779701172e-01       9.908542827640e+02 
       3.172132350469e-01       9.728673415694e+02 
       3.203485006026e-01       9.545879315590e+02 
       3.234837667660e-01       9.360585213973e+02 
       3.266190335196e-01       9.173926715975e+02 
       3.297543008464e-01       8.987526236174e+02 
       3.328895687302e-01       8.803123656148e+02 
       3.360248371553e-01       8.622347958228e+02 
       3.391601061066e-01       8.446622858957e+02 
       3.422953755696e-01       8.277205218771e+02 
       3.454306455304e-01       8.114964736645e+02 
       3.485659159753e-01       7.960557403492e+02 
       3.517011868915e-01       7.814162414787e+02 
       3.548364582663e-01       7.675649874334e+02 
       3.579717300877e-01       7.544355574209e+02 
       3.611070023439e-01       7.419290355595e+02 
       3.642422750238e-01       7.299159552492e+02 
       3.673775481163e-01       7.182743692514e+02 
       3.705128216111e-01       7.068892801819e+02 
       3.736480954979e-01       6.956782541926e+02 
       3.767833697668e-01       6.845764089139e+02 
       3.799186444085e-01       6.735481517921e+02 
       3.830539194136e-01       6.625735606225e+02 
       3.861891947734e-01       6.516555251585e+02 
       3.893244704792e-01       6.407943142114e+02 
       3.924597465227e-01       6.300144005997e+02 
       3.955950228958e-01       6.193543890015e+02 
       3.987302995907e-01       6.088662390675e+02 
       4.018655765999e-01       5.986060617149e+02 
       4.050008539160e-01       5.886137086316e+02 
       4.081361315319e-01       5.789178426295e+02 
       4.112714094408e-01       5.695338705489e+02 
       4.144066876360e-01       5.604579781542e+02 
       4.175419661109e-01       5.516855258017e+02 
       4.206772448594e-01       5.431949603871e+02 
       4.238125238753e-01       5.349731235765e+02 
       4.269478031528e-01       5.270039324468e+02 
       4.300830826860e-01       5.192644347398e+02 
       4.332183624694e-01       5.117248139573e+02 
       4.363536424976e-01       5.043522553821e+02 
       4.394889227654e-01       4.971103473538e+02 
       4.426242032675e-01       4.899731770230e+02 
       4.457594839992e-01       4.829203042452e+02 
       4.488947649554e-01       4.759453362433e+02 
       4.520300461316e-01       4.690488274413e+02 
       4.551653275232e-01       4.622395953149e+02 
       4.583006091258e-01       4.555235474956e+02 
       4.614358909349e-01       4.489069762316e+02 
       4.645711729466e-01       4.423974492396e+02 
       4.677064551565e-01       4.360011844656e+02 
       4.708417375609e-01       4.297312554900e+02 
       4.739770201557e-01       4.236015740377e+02 
       4.771123029373e-01       4.176243587956e+02 
       4.802475859020e-01       4.118059070330e+02 
       4.833828690462e-01       4.061462498791e+02 
       4.865181523663e-01       4.006357321615e+02 
       4.896534358591e-01       3.952609400694e+02 
       4.927887195213e-01       3.900059396232e+02 
       4.959240033495e-01       3.848584656399e+02 
       4.990592873407e-01       3.798092307952e+02 
       5.021945714917e-01       3.748507247994e+02 
       5.053298557997e-01       3.699779367370e+02 
       5.084651402617e-01       3.651819791602e+02 
       5.116004248748e-01       3.604554032824e+02 
       5.147357096363e-01       3.557917509555e+02 
       5.178709945435e-01       3.511878688480e+02 
       5.210062795938e-01       3.466454020032e+02 
       5.241415647845e-01       3.421699996849e+02 
       5.272768501132e-01       3.377687553789e+02 
       5.304121355774e-01       3.334474307928e+02 
       5.335474211746e-01       3.292084877278e+02 
       5.366827069027e-01       3.250509534396e+02 
       5.398179927593e-01       3.209719408789e+02 
       5.429532787421e-01       3.169689926628e+02 
       5.460885648489e-01       3.130409919916e+02 
       5.492238510777e-01       3.091881784936e+02 
       5.523591374264e-01       3.054119054653e+02 
       5.554944238929e-01       3.017107717120e+02 
       5.586297104752e-01       2.980811787359e+02 
       5.617649971714e-01       2.945173230407e+02 
       5.649002839796e-01       2.910127489355e+02 
       5.680355708979e-01       2.875622042258e+02 
       5.711708579246e-01       2.841635934604e+02 
       5.743061450577e-01       2.808158859694e+02 
       5.774414322957e-01       2.775202526532e+02 
       5.805767196367e-01       2.742767775543e+02 
       5.837120070792e-01       2.710839718352e+02 
       5.868472946215e-01       2.679391244511e+02 
       5.899825822619e-01       2.648395501656e+02 
       5.931178699990e-01       2.617839104535e+02 
       5.962531578312e-01       2.587728568321e+02 
       5.993884457570e-01       2.558088003646e+02 
       6.025237337750e-01       2.528944929247e+02 
       6.056590218837e-01       2.500313002528e+02 
       6.087943100816e-01       2.472184683410e+02 
       6.119295983675e-01       2.444534217854e+02 
       6.150648867400e-01       2.417328660889e+02 
       6.182001751978e-01       2.390549782183e+02 
       6.213354637395e-01       2.364183771028e+02 
       6.244707523639e-01       2.338234196227e+02 
       6.276060410698e-01       2.312706758963e+02 
       6.307413298559e-01       2.287595608293e+02 
       6.338766187211e-01       2.262881616789e+02 
       6.370119076641e-01       2.238538661597e+02 
       6.401471966839e-01       2.214532359544e+02 
       6.432824857792e-01       2.190845471504e+02 
       6.464177749491e-01       2.167477036720e+02 
       6.495530641924e-01       2.144439430970e+02 
       6.526883535080e-01       2.121744074182e+02 
       6.558236428950e-01       2.099396130161e+02 
       6.589589323523e-01       2.077388309353e+02 
       6.620942218788e-01       2.055701110141e+02 
       6.652295114737e-01       2.034315377914e+02 
       6.683648011359e-01       2.013221179336e+02 
       6.715000908646e-01       1.992420299277e+02 
       6.746353806587e-01       1.971922404617e+02 
       6.777706705174e-01       1.951737242205e+02 
       6.809059604397e-01       1.931870163620e+02 
       6.840412504249e-01       1.912306489805e+02 
       6.871765404720e-01       1.893027799903e+02 
       6.903118305801e-01       1.874012214222e+02 
       6.934471207486e-01       1.855246531696e+02 
       6.965824109765e-01       1.836731203409e+02 
       6.997177012630e-01       1.818471108062e+02 
       7.028529916073e-01       1.800473556824e+02 
       7.059882820088e-01       1.782738780354e+02 
       7.091235724666e-01       1.765255312083e+02 
       7.122588629799e-01       1.748006577933e+02 
       7.153941535481e-01       1.730977563841e+02 
       7.185294441705e-01       1.714159279476e+02 
       7.216647348462e-01       1.697554940497e+02 
       7.248000255747e-01       1.681173594752e+02 
       7.279353163552e-01       1.665022714870e+02 
       7.310706071871e-01       1.649104588368e+02 
       7.342058980697e-01       1.633409432143e+02 
       7.373411890024e-01       1.617923036458e+02 
       8.061358785719e-01       1.323818770313e+02 
       9.059473322590e-01       1.015255260810e+02 
       1.064906114177e+00       6.995165642924e+01 
       1.315513449948e+00       4.263343412443e+01 
       1.654171143202e+00       2.469076239615e+01 
       2.082445966745e+00       1.413186670585e+01 
       2.621644045704e+00       8.022318918593e+00 
       3.300454309773e+00       4.520558209008e+00 
       4.155025801039e+00       2.530249168456e+00 
       5.230867567589e+00       1.407594600412e+00 
       6.585272106567e+00       7.786641596933e-01 
       8.290366398537e+00       4.285458395616e-01 
       1.043695293220e+01       2.347351580767e-01 
       1.313934526805e+01       1.280142195096e-01 
       1.654145565228e+01       6.952610875543e-02 
       2.082445886873e+01       3.761467923792e-02 
       2.621644045670e+01       2.027471861496e-02 
       3.300454309773e+01       1.088827367150e-02 
       4.155025801039e+01       5.825807051235e-03 
       5.230867567589e+01       3.104749692936e-03 
       6.585272106567e+01       1.647281913214e-03 
       8.290366398537e+01       8.693333628354e-04 
       1.043695293220e+02       4.556491247687e-04 
       1.313934526805e+02       2.366368983864e-04 
