# Matter power spectrum P(k) at redshift z=0
# for k=1.00946e-05 to 163.221 h/Mpc,
# number of wavenumbers equal to 626
#    1:k (h/Mpc)              2:P (Mpc/h)^3        
       1.009464849392e-05       6.410239231102e+01 
       2.254595584416e-05       1.405380146232e+02 
       3.503816723294e-05       2.148612440252e+02 
       4.760268435468e-05       2.884535487349e+02 
       6.027139435890e-05       3.619277666102e+02 
       7.307693559436e-05       4.354974575526e+02 
       8.605297131448e-05       5.095677449413e+02 
       9.923447476341e-05       5.843623412528e+02 
       1.126580290891e-04       6.600570320339e+02 
       1.263621455605e-04       7.369519384159e+02 
       1.403876035795e-04       8.152866923720e+02 
       1.547778159539e-04       8.953135648011e+02 
       1.695792227905e-04       9.773026975743e+02 
       1.848417171445e-04       1.061512228002e+03 
       2.006191051407e-04       1.148235098742e+03 
       2.169696025972e-04       1.237773474686e+03 
       2.339563691054e-04       1.330467776513e+03 
       2.516480789239e-04       1.426660769834e+03 
       2.701195257346e-04       1.526744656600e+03 
       2.894522550830e-04       1.631114280860e+03 
       3.097352139111e-04       1.740225711255e+03 
       3.310654007132e-04       1.854550241928e+03 
       3.535484922061e-04       1.974610011182e+03 
       3.772994127619e-04       2.100956816668e+03 
       4.024428010618e-04       2.234187716470e+03 
       4.291133146229e-04       2.374936243121e+03 
       4.574556975369e-04       2.523877249736e+03 
       4.876245211381e-04       2.681718494385e+03 
       5.197834934539e-04       2.849196230940e+03 
       5.541042244227e-04       3.027065909222e+03 
       5.907643344400e-04       3.216090432096e+03 
       6.299448092965e-04       3.417022167106e+03 
       6.718265407378e-04       3.630584122766e+03 
       7.165860532352e-04       3.857444314189e+03 
       7.643905052204e-04       4.098190264410e+03 
       8.153921621100e-04       4.353300275541e+03 
       8.697226559257e-04       4.623112441807e+03 
       9.274874509320e-04       4.907802791769e+03 
       9.887609998824e-04       5.207360790658e+03 
       1.053583075995e-03       5.521577457888e+03 
       1.121956686855e-03       5.850040948128e+03 
       1.193847821462e-03       6.192146785862e+03 
       1.269187075031e-03       6.547108090730e+03 
       1.347872978076e-03       6.913951420018e+03 
       1.429776671316e-03       7.291632794071e+03 
       1.514747450523e-03       7.679018376796e+03 
       1.602618671174e-03       8.074909230288e+03 
       1.693213545248e-03       8.478089002586e+03 
       1.786350459668e-03       8.887349021613e+03 
       1.881847568904e-03       9.301517495010e+03 
       1.979526536666e-03       9.719471290073e+03 
       2.079215405112e-03       1.014015705784e+04 
       2.180750645487e-03       1.056259713607e+04 
       2.283978490652e-03       1.098588715696e+04 
       2.388755671666e-03       1.140921115609e+04 
       2.494949683712e-03       1.183182975427e+04 
       2.602438697858e-03       1.225307560487e+04 
       2.711111219785e-03       1.267235688721e+04 
       2.820865578879e-03       1.308914811129e+04 
       2.931609313536e-03       1.350298573809e+04 
       3.043258502730e-03       1.391347312463e+04 
       3.155737080483e-03       1.432024530123e+04 
       3.268976158968e-03       1.472298981307e+04 
       3.382913377512e-03       1.512145039078e+04 
       3.497492288292e-03       1.551538562386e+04 
       3.612661784761e-03       1.590460054048e+04 
       3.728375575478e-03       1.628892389693e+04 
       3.844591703630e-03       1.666820990504e+04 
       3.961272110993e-03       1.704234589011e+04 
       4.078382244082e-03       1.741122102469e+04 
       4.195890699678e-03       1.777476418937e+04 
       4.313768906639e-03       1.813289622647e+04 
       4.431990840826e-03       1.848557838866e+04 
       4.550532770055e-03       1.883276567682e+04 
       4.669373026086e-03       1.917442625715e+04 
       4.788491800896e-03       1.951053330316e+04 
       4.907870964669e-03       1.984111892523e+04 
       5.027493903171e-03       2.016615876479e+04 
       5.147345372394e-03       2.048566461778e+04 
       5.267411368582e-03       2.079964939908e+04 
       5.387679011919e-03       2.110812750726e+04 
       5.508136442378e-03       2.141112838375e+04 
       5.628772726370e-03       2.170868148063e+04 
       5.749577773000e-03       2.200079800905e+04 
       5.870542258865e-03       2.228752888649e+04 
       5.991657560450e-03       2.256890804192e+04 
       6.112915693289e-03       2.284497644376e+04 
       6.234309257161e-03       2.311576750609e+04 
       6.355831386653e-03       2.338132549993e+04 
       6.477475706524e-03       2.364168662529e+04 
       6.599236291355e-03       2.389690987095e+04 
       6.721107629027e-03       2.414705205173e+04 
       6.843084587634e-03       2.439212085827e+04 
       6.965162385466e-03       2.463221241039e+04 
       7.087336563750e-03       2.486734804278e+04 
       7.209602961865e-03       2.509756850954e+04 
       7.331957694789e-03       2.532294310328e+04 
       7.454397132541e-03       2.554358323664e+04 
       7.576917881437e-03       2.575941589241e+04 
       7.699516766966e-03       2.597054155867e+04 
       7.822190818144e-03       2.617702124797e+04 
       7.944937253195e-03       2.637889459730e+04 
       8.067753466432e-03       2.657622387209e+04 
       8.190637016235e-03       2.676905569370e+04 
       8.313585614016e-03       2.695743321626e+04 
       8.436597114079e-03       2.714140535660e+04 
       8.559669504301e-03       2.732102117735e+04 
       8.682800897556e-03       2.749632794394e+04 
       8.805989523813e-03       2.766738274947e+04 
       8.929233722859e-03       2.783423066207e+04 
       9.052531937575e-03       2.799690697039e+04 
       9.175882707736e-03       2.815548220355e+04 
       9.299284664283e-03       2.830999425961e+04 
       9.422736524020e-03       2.846048873651e+04 
       9.546237084713e-03       2.860702088509e+04 
       9.669785220550e-03       2.874962462237e+04 
       9.793379877934e-03       2.888834820668e+04 
       9.917020071586e-03       2.902323825421e+04 
       1.004070488092e-02       2.915433720038e+04 
       1.016443344671e-02       2.928168596013e+04 
       1.028820496794e-02       2.940533191613e+04 
       1.041201869892e-02       2.952531889071e+04 
       1.053587394662e-02       2.964170236212e+04 
       1.065977006814e-02       2.975451632043e+04 
       1.078370646837e-02       2.986380419765e+04 
       1.090768259788e-02       2.996961264111e+04 
       1.103169795086e-02       3.007197718190e+04 
       1.115575206324e-02       3.017094642889e+04 
       1.127984451099e-02       3.026654703609e+04 
       1.140397490846e-02       3.035882910150e+04 
       1.152814290686e-02       3.044782682426e+04 
       1.165234819288e-02       3.053358767195e+04 
       1.177659048739e-02       3.061614688167e+04 
       1.190086954417e-02       3.069554660570e+04 
       1.202518514882e-02       3.077182096120e+04 
       1.214953711769e-02       3.084501525787e+04 
       1.227392529690e-02       3.091515762946e+04 
       1.239834956144e-02       3.098229458498e+04 
       1.252280981431e-02       3.104645798594e+04 
       1.264730598575e-02       3.110759944029e+04 
       1.277183803251e-02       3.116592731573e+04 
       1.289640593717e-02       3.122138733765e+04 
       1.302100970753e-02       3.127393548046e+04 
       1.314564937606e-02       3.132376484695e+04 
       1.327032499934e-02       3.137084994163e+04 
       1.339503665758e-02       3.141521273564e+04 
       1.351978445419e-02       3.145691143371e+04 
       1.364456851541e-02       3.149598941942e+04 
       1.376938898987e-02       3.153231829285e+04 
       1.389424604833e-02       3.156601725073e+04 
       1.401913988334e-02       3.159730017794e+04 
       1.414407070898e-02       3.162612665961e+04 
       1.426903876066e-02       3.165245513555e+04 
       1.439404429485e-02       3.167623565633e+04 
       1.451908758897e-02       3.169766839345e+04 
       1.464416894118e-02       3.171674872401e+04 
       1.476928867029e-02       3.173343966693e+04 
       1.489444711564e-02       3.174765045290e+04 
       1.501964463704e-02       3.175972938261e+04 
       1.514488161469e-02       3.176957564273e+04 
       1.527015844916e-02       3.177714658311e+04 
       1.539547556136e-02       3.178249038302e+04 
       1.552083339260e-02       3.178560894603e+04 
       1.564623240455e-02       3.178665801144e+04 
       1.577167307934e-02       3.178562084274e+04 
       1.589715591960e-02       3.178243469881e+04 
       1.602268144854e-02       3.177724182271e+04 
       1.614825021010e-02       3.176999006793e+04 
       1.627386276901e-02       3.176069559852e+04 
       1.639951971098e-02       3.174950336321e+04 
       1.652522164284e-02       3.173653945516e+04 
       1.665096919269e-02       3.172149085141e+04 
       1.677676301015e-02       3.170438687706e+04 
       1.690260376649e-02       3.168576536703e+04 
       1.702849215493e-02       3.166520727760e+04 
       1.715442889084e-02       3.164283244820e+04 
       1.728041471200e-02       3.161869339372e+04 
       1.740645037890e-02       3.159277519286e+04 
       1.753253667499e-02       3.156503345466e+04 
       1.765867440702e-02       3.153582089799e+04 
       1.778486440536e-02       3.150476190240e+04 
       1.791110752433e-02       3.147227622055e+04 
       1.803740464255e-02       3.143803084345e+04 
       1.816375666334e-02       3.140219945376e+04 
       1.829016451508e-02       3.136478298809e+04 
       1.841662915165e-02       3.132581019063e+04 
       1.854315155281e-02       3.128538710666e+04 
       1.866973272471e-02       3.124359807410e+04 
       1.879637370027e-02       3.120020768593e+04 
       1.892307553971e-02       3.115526618842e+04 
       1.904983933102e-02       3.110913911767e+04 
       1.917666619051e-02       3.106144540212e+04 
       1.930355726329e-02       3.101246483660e+04 
       1.943051372387e-02       3.096226982262e+04 
       1.955753677670e-02       3.091061596326e+04 
       1.968462765677e-02       3.085766120652e+04 
       1.981178763021e-02       3.080335465746e+04 
       1.993901799497e-02       3.074789738907e+04 
       2.006632008140e-02       3.069121234156e+04 
       2.019369525299e-02       3.063340289731e+04 
       2.032114490701e-02       3.057425187031e+04 
       2.044867047529e-02       3.051413348279e+04 
       2.057627342491e-02       3.045273234822e+04 
       2.070395525899e-02       3.039028852572e+04 
       2.083171751748e-02       3.032668727526e+04 
       2.095956177799e-02       3.026194131549e+04 
       2.108748965660e-02       3.019623172715e+04 
       2.121550280877e-02       3.012949512696e+04 
       2.134360293018e-02       3.006175393319e+04 
       2.147179175773e-02       2.999311634318e+04 
       2.160007107043e-02       2.992333007496e+04 
       2.172844269041e-02       2.985276817649e+04 
       2.185690848394e-02       2.978117010051e+04 
       2.198547036247e-02       2.970857763783e+04 
       2.211413028370e-02       2.963518873348e+04 
       2.224289025271e-02       2.956092604312e+04 
       2.237175232311e-02       2.948580911444e+04 
       2.250071859821e-02       2.940999063407e+04 
       2.262979123224e-02       2.933322759817e+04 
       2.275897243165e-02       2.925569416769e+04 
       2.288826445635e-02       2.917735344111e+04 
       2.301766962110e-02       2.909825678549e+04 
       2.314719029689e-02       2.901835866400e+04 
       2.327682891234e-02       2.893779845982e+04 
       2.340658795522e-02       2.885657908417e+04 
       2.353646997393e-02       2.877468467393e+04 
       2.366647757910e-02       2.869209237525e+04 
       2.379661344521e-02       2.860885776581e+04 
       2.392688031224e-02       2.852494858238e+04 
       2.405728098747e-02       2.844035612832e+04 
       2.418781834717e-02       2.835523902909e+04 
       2.431849533854e-02       2.826951896868e+04 
       2.444931498157e-02       2.818331946253e+04 
       2.458028037101e-02       2.809642965603e+04 
       2.471139467843e-02       2.800917201940e+04 
       2.484266115434e-02       2.792128569133e+04 
       2.497408313032e-02       2.783288118135e+04 
       2.510566402132e-02       2.774392137243e+04 
       2.523740732798e-02       2.765455903810e+04 
       2.536931663903e-02       2.756472384055e+04 
       2.550139563382e-02       2.747445444860e+04 
       2.563364808484e-02       2.738384698986e+04 
       2.576607786046e-02       2.729261155946e+04 
       2.589868892768e-02       2.720128176253e+04 
       2.603148535496e-02       2.710918967104e+04 
       2.616447131525e-02       2.701699706531e+04 
       2.629765108904e-02       2.692432840454e+04 
       2.643102906753e-02       2.683125411802e+04 
       2.656460975597e-02       2.673789979237e+04 
       2.669839777708e-02       2.664421309082e+04 
       2.683239787459e-02       2.655023063108e+04 
       2.696661491696e-02       2.645602281425e+04 
       2.710105390117e-02       2.636138335596e+04 
       2.723571995674e-02       2.626664377835e+04 
       2.737061834981e-02       2.617153003049e+04 
       2.750575448744e-02       2.607615505247e+04 
       2.764113392209e-02       2.598051124510e+04 
       2.777676235620e-02       2.588466922149e+04 
       2.791264564702e-02       2.578857690922e+04 
       2.804878981161e-02       2.569246029163e+04 
       2.818520103204e-02       2.559601259050e+04 
       2.832188566076e-02       2.549939026582e+04 
       2.845885022631e-02       2.540257863246e+04 
       2.859610143908e-02       2.530555524273e+04 
       2.873364619748e-02       2.520842805372e+04 
       2.887149159429e-02       2.511114585019e+04 
       2.900964492322e-02       2.501382001209e+04 
       2.914811368590e-02       2.491620067939e+04 
       2.928690559902e-02       2.481867431112e+04 
       2.942602860186e-02       2.472089545261e+04 
       2.956549086412e-02       2.462302715893e+04 
       2.970530079409e-02       2.452504742184e+04 
       2.984546704721e-02       2.442699216006e+04 
       2.998599853497e-02       2.432894244673e+04 
       3.012690443426e-02       2.423073717238e+04 
       3.026819419710e-02       2.413261729427e+04 
       3.040987756082e-02       2.403431537854e+04 
       3.055196455877e-02       2.393600075368e+04 
       3.069446553144e-02       2.383762380185e+04 
       3.083739113820e-02       2.373923698458e+04 
       3.098075236950e-02       2.364082462127e+04 
       3.112456055973e-02       2.354242225362e+04 
       3.126882740071e-02       2.344401572277e+04 
       3.141356495575e-02       2.334559078745e+04 
       3.155878567452e-02       2.324725096465e+04 
       3.170450240861e-02       2.314882610670e+04 
       3.185072842783e-02       2.305039726980e+04 
       3.199747743745e-02       2.295202538861e+04 
       3.214476359623e-02       2.285366577424e+04 
       3.229260153542e-02       2.275531884273e+04 
       3.244100637881e-02       2.265714316426e+04 
       3.258999376375e-02       2.255896971294e+04 
       3.273957986336e-02       2.246065342825e+04 
       3.288978140996e-02       2.236253064848e+04 
       3.304061571975e-02       2.226448990614e+04 
       3.319210071885e-02       2.216646280758e+04 
       3.334425497084e-02       2.206845599846e+04 
       3.349709770584e-02       2.197065958000e+04 
       3.365064885125e-02       2.187283001554e+04 
       3.380492906431e-02       2.177494305393e+04 
       3.395995976648e-02       2.167729960812e+04 
       3.411576317999e-02       2.157968072686e+04 
       3.427236236650e-02       2.148214523598e+04 
       3.442978126809e-02       2.138467817637e+04 
       3.458804475084e-02       2.128729626605e+04 
       3.474717865108e-02       2.118995260757e+04 
       3.490720982455e-02       2.109273925228e+04 
       3.506816619873e-02       2.099566007916e+04 
       3.523007682849e-02       2.089861351239e+04 
       3.539297195542e-02       2.080159841492e+04 
       3.555688307112e-02       2.070479160709e+04 
       3.572184298463e-02       2.060809100734e+04 
       3.588788589457e-02       2.051130009973e+04 
       3.605504746615e-02       2.041474694106e+04 
       3.622336491361e-02       2.031829971741e+04 
       3.639287708845e-02       2.022173944915e+04 
       3.656362457404e-02       2.012544034804e+04 
       3.673564978707e-02       2.002921936391e+04 
       3.690899708648e-02       1.993304439917e+04 
       3.708371289055e-02       1.983687057224e+04 
       3.725984580290e-02       1.974087394433e+04 
       3.743744674815e-02       1.964495467990e+04 
       3.761656911821e-02       1.954914702067e+04 
       3.779726893013e-02       1.945320484662e+04 
       3.797960499676e-02       1.935752312645e+04 
       3.816363911128e-02       1.926183429555e+04 
       3.834943624708e-02       1.916620723134e+04 
       3.853706477458e-02       1.907061960349e+04 
       3.872659669653e-02       1.897507436128e+04 
       3.891810790398e-02       1.887950302734e+04 
       3.911167845479e-02       1.878408395966e+04 
       3.930739287740e-02       1.868856858328e+04 
       3.950534050234e-02       1.859320347095e+04 
       3.970561582476e-02       1.849778762727e+04 
       3.990831890138e-02       1.840236289648e+04 
       4.011355578580e-02       1.830692027225e+04 
       4.032143900672e-02       1.821146084229e+04 
       4.053208809411e-02       1.811595410596e+04 
       4.074563015923e-02       1.802046507571e+04 
       4.096220053497e-02       1.792490096194e+04 
       4.118194348439e-02       1.782926684695e+04 
       4.140501298594e-02       1.773354351324e+04 
       4.163157360554e-02       1.763768306170e+04 
       4.186180146709e-02       1.754181249191e+04 
       4.209588533489e-02       1.744586568082e+04 
       4.233402782341e-02       1.734955916825e+04 
       4.257644675264e-02       1.725325350705e+04 
       4.282337667010e-02       1.715672583422e+04 
       4.307507056429e-02       1.705999451961e+04 
       4.333180179852e-02       1.696298140025e+04 
       4.359386629955e-02       1.686579883065e+04 
       4.386158504121e-02       1.676832987539e+04 
       4.413530687126e-02       1.667052236090e+04 
       4.441541173831e-02       1.657235659889e+04 
       4.470231438732e-02       1.647387485659e+04 
       4.499646860526e-02       1.637493775514e+04 
       4.529837211566e-02       1.627556038443e+04 
       4.560857224110e-02       1.617569414480e+04 
       4.592767247825e-02       1.607518847078e+04 
       4.625634016185e-02       1.597419748686e+04 
       4.659531543350e-02       1.587252894966e+04 
       4.694542178077e-02       1.577009199808e+04 
       4.730757847439e-02       1.566687221224e+04 
       4.768281531055e-02       1.556282250495e+04 
       4.807229016462e-02       1.545768033010e+04 
       4.847730999025e-02       1.535151570762e+04 
       4.889935605909e-02       1.524417155350e+04 
       4.934011444291e-02       1.513545375039e+04 
       4.980151300247e-02       1.502525410422e+04 
       5.028576648100e-02       1.491336515511e+04 
       5.079543172049e-02       1.479953848654e+04 
       5.133347554157e-02       1.468356292850e+04 
       5.190335846157e-02       1.456516096839e+04 
       5.250913816182e-02       1.444385212917e+04 
       5.315559739997e-02       1.431917809831e+04 
       5.384840174606e-02       1.419055851616e+04 
       5.459429275101e-02       1.405723647577e+04 
       5.540132118813e-02       1.391825491936e+04 
       5.627912134401e-02       1.377235524034e+04 
       5.723921812462e-02       1.361778192532e+04 
       5.829533888791e-02       1.345234502301e+04 
       5.946366316084e-02       1.327304527968e+04 
       6.076287477250e-02       1.307573662322e+04 
       6.221377477332e-02       1.285503586050e+04 
       6.383808653706e-02       1.260406105495e+04 
       6.565602496941e-02       1.231430992968e+04 
       6.768242463036e-02       1.197649374884e+04 
       6.992200317225e-02       1.158223746097e+04 
       7.236559228078e-02       1.112673457779e+04 
       7.498984568261e-02       1.061232702084e+04 
       7.776155275890e-02       1.004989376387e+04 
       8.064469471418e-02       9.458051147478e+03 
       8.360672489059e-02       8.860128787712e+03 
       8.662184939970e-02       8.279885220628e+03 
       8.967143568363e-02       7.738054454767e+03 
       9.274284782583e-02       7.249994079124e+03 
       9.582786511770e-02       6.824775417801e+03 
       9.892127945262e-02       6.465374742204e+03 
       1.020198457548e-01       6.169372816872e+03 
       1.051215627200e-01       5.930043814557e+03 
       1.082252037712e-01       5.737647662393e+03 
       1.113300199271e-01       5.580494997646e+03 
       1.144355547896e-01       5.446064519702e+03 
       1.175415305295e-01       5.322268372832e+03 
       1.206477780580e-01       5.198294416431e+03 
       1.237541944217e-01       5.065614588831e+03 
       1.268607168638e-01       4.918695730684e+03 
       1.299673070550e-01       4.755061555334e+03 
       1.330739415121e-01       4.575457922947e+03 
       1.361806057802e-01       4.383282741102e+03 
       1.392872908993e-01       4.183732857686e+03 
       1.423939912590e-01       3.983040850719e+03 
       1.455007032953e-01       3.787504515804e+03 
       1.486074246983e-01       3.602785938049e+03 
       1.517141539308e-01       3.433433555490e+03 
       1.548208899347e-01       3.282450765718e+03 
       1.579276319521e-01       3.151266760275e+03 
       1.610343794161e-01       3.039728164390e+03 
       1.641411318831e-01       2.946361782357e+03 
       1.672478889920e-01       2.868590605946e+03 
       1.703546504380e-01       2.803097999754e+03 
       1.734614159563e-01       2.746201112866e+03 
       1.765681853122e-01       2.694201637630e+03 
       1.796749582939e-01       2.644276278439e+03 
       1.827817347084e-01       2.592611529929e+03 
       1.858885143781e-01       2.536913294976e+03 
       1.889952971387e-01       2.475816322068e+03 
       1.921020828376e-01       2.408947614704e+03 
       1.952088713323e-01       2.336934256851e+03 
       1.983156624901e-01       2.261217411423e+03 
       2.014224561863e-01       2.183631762125e+03 
       2.045292523042e-01       2.106253012142e+03 
       2.076360507342e-01       2.030979867465e+03 
       2.107428513731e-01       1.959426247880e+03 
       2.138496541241e-01       1.892842363521e+03 
       2.169564588956e-01       1.832044910119e+03 
       2.200632656016e-01       1.777444347000e+03 
       2.231700741606e-01       1.729078344111e+03 
       2.262768844957e-01       1.686566749135e+03 
       2.293836965344e-01       1.649234811766e+03 
       2.324905102078e-01       1.616057448579e+03 
       2.355973254510e-01       1.585921586357e+03 
       2.387041422021e-01       1.557572496934e+03 
       2.418109604027e-01       1.529905115157e+03 
       2.449177799973e-01       1.501976528347e+03 
       2.480246009332e-01       1.473113785486e+03 
       2.511314231603e-01       1.442928646913e+03 
       2.542382466309e-01       1.411292767168e+03 
       2.573450712998e-01       1.378286765924e+03 
       2.604518971239e-01       1.344227973578e+03 
       2.635587240619e-01       1.309560823084e+03 
       2.666655520749e-01       1.274849028411e+03 
       2.697723811254e-01       1.240716214357e+03 
       2.728792111777e-01       1.207755795561e+03 
       2.759860421979e-01       1.176480920747e+03 
       2.790928741535e-01       1.147246357505e+03 
       2.821997070134e-01       1.120216962211e+03 
       2.853065407479e-01       1.095396438973e+03 
       2.884133753286e-01       1.072631332609e+03 
       2.915202107282e-01       1.051690682600e+03 
       2.946270469208e-01       1.032266969422e+03 
       2.977338838814e-01       1.014016743682e+03 
       3.008407215861e-01       9.966015520439e+02 
       3.039475600119e-01       9.797011252772e+02 
       3.070543991368e-01       9.629903360582e+02 
       3.101612389398e-01       9.462232551384e+02 
       3.132680794005e-01       9.292269676977e+02 
       3.163749204995e-01       9.119111771101e+02 
       3.194817622181e-01       8.942926056585e+02 
       3.225886045383e-01       8.764660512292e+02 
       3.256954474428e-01       8.585788274074e+02 
       3.288022909149e-01       8.408035037353e+02 
       3.319091349386e-01       8.233091774721e+02 
       3.350159794986e-01       8.062606952391e+02 
       3.381228245799e-01       7.897807946029e+02 
       3.412296701683e-01       7.739806159890e+02 
       3.443365162499e-01       7.589338245512e+02 
       3.474433628116e-01       7.446795261967e+02 
       3.505502098404e-01       7.312200837867e+02 
       3.536570573240e-01       7.184966549563e+02 
       3.567639052504e-01       7.064216391090e+02 
       3.598707536082e-01       6.948775083993e+02 
       3.629776023863e-01       6.837330328876e+02 
       3.660844515738e-01       6.728716940396e+02 
       3.691913011604e-01       6.621966687454e+02 
       3.722981511361e-01       6.516348530089e+02 
       3.754050014911e-01       6.411527085412e+02 
       3.785118522162e-01       6.307143036228e+02 
       3.816187033021e-01       6.203145114184e+02 
       3.847255547402e-01       6.099535222129e+02 
       3.878324065219e-01       5.996502759837e+02 
       3.909392586390e-01       5.894392875229e+02 
       3.940461110836e-01       5.793703475402e+02 
       3.971529638479e-01       5.694987388946e+02 
       4.002598169245e-01       5.598744184846e+02 
       4.033666703061e-01       5.505248277613e+02 
       4.064735239857e-01       5.414779685665e+02 
       4.095803779564e-01       5.327333494565e+02 
       4.126872322118e-01       5.242808185212e+02 
       4.157940867453e-01       5.161121496815e+02 
       4.189009415509e-01       5.082125043254e+02 
       4.220077966223e-01       5.005669393231e+02 
       4.251146519539e-01       4.931540413431e+02 
       4.282215075398e-01       4.859472617062e+02 
       4.313283633747e-01       4.789105834681e+02 
       4.344352194531e-01       4.720087883413e+02 
       4.375420757698e-01       4.652119550105e+02 
       4.406489323197e-01       4.584986538514e+02 
       4.437557890981e-01       4.518563768253e+02 
       4.468626461000e-01       4.452875773919e+02 
       4.499695033208e-01       4.387932689073e+02 
       4.530763607560e-01       4.323824750282e+02 
       4.561832184013e-01       4.260609942180e+02 
       4.592900762523e-01       4.198354389176e+02 
       4.623969343048e-01       4.137121432944e+02 
       4.655037925549e-01       4.077066928207e+02 
       4.686106509986e-01       4.018323179187e+02 
       4.717175096320e-01       3.961018332139e+02 
       4.748243684514e-01       3.905252597518e+02 
       4.779312274532e-01       3.851040613576e+02 
       4.810380866338e-01       3.798306606320e+02 
       4.841449459898e-01       3.746920980432e+02 
       4.872518055177e-01       3.696736337343e+02 
       4.903586652145e-01       3.647621544321e+02 
       4.934655250767e-01       3.599478036072e+02 
       4.965723851013e-01       3.552232844971e+02 
       4.996792452854e-01       3.505817849523e+02 
       5.027861056258e-01       3.460161945486e+02 
       5.058929661198e-01       3.415188649212e+02 
       5.089998267644e-01       3.370783032032e+02 
       5.121066875570e-01       3.326946866982e+02 
       5.152135484949e-01       3.283673919235e+02 
       5.183204095754e-01       3.241015044154e+02 
       5.214272707960e-01       3.199041522616e+02 
       5.245341321542e-01       3.157816337070e+02 
       5.276409936475e-01       3.117371416766e+02 
       5.307478552736e-01       3.077712089124e+02 
       5.338547170302e-01       3.038787875930e+02 
       5.369615789149e-01       3.000596078764e+02 
       5.400684409256e-01       2.963125595712e+02 
       5.431753030601e-01       2.926380733138e+02 
       5.462821653162e-01       2.890368875958e+02 
       5.493890276920e-01       2.855092950423e+02 
       5.524958901853e-01       2.820517079177e+02 
       5.556027527943e-01       2.786585115623e+02 
       5.587096155169e-01       2.753232370321e+02 
       5.618164783513e-01       2.720408462363e+02 
       5.649233412956e-01       2.688076224702e+02 
       5.680302043480e-01       2.656232730462e+02 
       5.711370675068e-01       2.624884763777e+02 
       5.742439307702e-01       2.594034660198e+02 
       5.773507941365e-01       2.563672329741e+02 
       5.804576576041e-01       2.533763733834e+02 
       5.835645211713e-01       2.504283538890e+02 
       5.866713848366e-01       2.475215336968e+02 
       5.897782485984e-01       2.446565958228e+02 
       5.928851124552e-01       2.418355754267e+02 
       5.959919764054e-01       2.390618352021e+02 
       5.990988404477e-01       2.363368360234e+02 
       6.022057045807e-01       2.336603274597e+02 
       6.053125688028e-01       2.310300108678e+02 
       6.084194331128e-01       2.284427443555e+02 
       6.115262975092e-01       2.258960954938e+02 
       6.146331619909e-01       2.233891605535e+02 
       6.177400265564e-01       2.209221111676e+02 
       6.208468912046e-01       2.184954684731e+02 
       6.239537559341e-01       2.161090513252e+02 
       6.270606207439e-01       2.137611354430e+02 
       6.301674856326e-01       2.114486431593e+02 
       6.332743505992e-01       2.091686149548e+02 
       6.363812156424e-01       2.069191084099e+02 
       6.394880807612e-01       2.046997548221e+02 
       6.425949459545e-01       2.025114864873e+02 
       6.457018112212e-01       2.003557976211e+02 
       6.488086765602e-01       1.982332828391e+02 
       6.519155419705e-01       1.961431322423e+02 
       6.550224074510e-01       1.940836759614e+02 
       6.581292730009e-01       1.920529904193e+02 
       6.612361386190e-01       1.900498244074e+02 
       6.643430043045e-01       1.880743987896e+02 
       6.674498700564e-01       1.861278624103e+02 
       6.705567358737e-01       1.842112622102e+02 
       6.736636017557e-01       1.823249381291e+02 
       6.767704677013e-01       1.804679722618e+02 
       6.798773337096e-01       1.786382562334e+02 
       6.829841997800e-01       1.768337829005e+02 
       6.860910659114e-01       1.750532405009e+02 
       6.891979321031e-01       1.732963055335e+02 
       6.923047983542e-01       1.715637725594e+02 
       6.954116646641e-01       1.698563386475e+02 
       6.985185310317e-01       1.681739460230e+02 
       7.016253974565e-01       1.665159010537e+02 
       7.047322639376e-01       1.648801488752e+02 
       7.078391304744e-01       1.632651941247e+02 
       7.109459970660e-01       1.616703066323e+02 
       7.140528637117e-01       1.600955777563e+02 
       7.171597304109e-01       1.585419415796e+02 
       7.202665971629e-01       1.570103809945e+02 
       7.233734639669e-01       1.555009044465e+02 
       7.264803308223e-01       1.540128879781e+02 
       7.295871977285e-01       1.525448128447e+02 
       7.973533662711e-01       1.248251058478e+02 
       8.954946498507e-01       9.577755222604e+01 
       1.051590906404e+00       6.605446838682e+01 
       1.298175454562e+00       4.025531942119e+01 
       1.632238354824e+00       2.327307843851e+01 
       2.054831520877e+00       1.329117231322e+01 
       2.586879505929e+00       7.524395349094e+00 
       3.256688347214e+00       4.224396985873e+00 
       4.099927718601e+00       2.352130117475e+00 
       5.161503191466e+00       1.298393696077e+00 
       6.497947530793e+00       7.098535513198e-01 
       8.180431271021e+00       3.836571870704e-01 
       1.029855280652e+01       2.043337901831e-01 
       1.296510983284e+01       1.066925314659e-01 
       1.632210623526e+01       5.416732420117e-02 
       2.054831431357e+01       2.640541305510e-02 
       2.586879505889e+01       1.211586418687e-02 
       3.256688347214e+01       5.071979346859e-03 
       4.099927718601e+01       1.837797140448e-03 
       5.161503191466e+01       5.225005576836e-04 
       6.497947530793e+01       9.202656590935e-05 
       8.180431271021e+01       3.142189206767e-06 
       1.029855280652e+02       3.454269985983e-06 
       1.296510983284e+02       7.032549420502e-06 
       1.632210623526e+02       3.946778046543e-06 
