# Matter power spectrum P(k) at redshift z=0
# for k=1.00946e-05 to 130.37 h/Mpc,
# number of wavenumbers equal to 714
#    1:k (h/Mpc)              2:P (Mpc/h)^3        
       1.009464849392e-05       6.410242190472e+01 
       2.254595584416e-05       1.405380272472e+02 
       3.503816723294e-05       2.148612520239e+02 
       4.760268435468e-05       2.884535556179e+02 
       6.027139435890e-05       3.619277697976e+02 
       7.307693559436e-05       4.354974612967e+02 
       8.605297131448e-05       5.095683233234e+02 
       9.923447476341e-05       5.843623439685e+02 
       1.126580290891e-04       6.600570498714e+02 
       1.263621455605e-04       7.369518940898e+02 
       1.403876035795e-04       8.152866941401e+02 
       1.547778159539e-04       8.953135665824e+02 
       1.695792227905e-04       9.773026988462e+02 
       1.848417171445e-04       1.061512229277e+03 
       2.006191051407e-04       1.148235099915e+03 
       2.169696025972e-04       1.237773475692e+03 
       2.339563691054e-04       1.330467777461e+03 
       2.516480789239e-04       1.426660770653e+03 
       2.701195257346e-04       1.526744657347e+03 
       2.894522550830e-04       1.631114281508e+03 
       3.097352139111e-04       1.740225711831e+03 
       3.310654007132e-04       1.854550242422e+03 
       3.535484922061e-04       1.974610011603e+03 
       3.772994127619e-04       2.100956817021e+03 
       4.024428010618e-04       2.234187716763e+03 
       4.291133146229e-04       2.374936234297e+03 
       4.574556975369e-04       2.523877249851e+03 
       4.876245211381e-04       2.681718494326e+03 
       5.197834934539e-04       2.849196243742e+03 
       5.541042244227e-04       3.027065909179e+03 
       5.907643344400e-04       3.216090431970e+03 
       6.299448092965e-04       3.417022166890e+03 
       6.718265407378e-04       3.630584122566e+03 
       7.165860532352e-04       3.857444313833e+03 
       7.643905052204e-04       4.098190263970e+03 
       8.153921621100e-04       4.353300274987e+03 
       8.697226559257e-04       4.623112441227e+03 
       9.274874509320e-04       4.907802729653e+03 
       9.887609998824e-04       5.207360789804e+03 
       1.053583075995e-03       5.521577456918e+03 
       1.121956686855e-03       5.850041046961e+03 
       1.193847821462e-03       6.192146784676e+03 
       1.269187075031e-03       6.547108089321e+03 
       1.347872978076e-03       6.913951418322e+03 
       1.429776671316e-03       7.291632792014e+03 
       1.514747450523e-03       7.679018374268e+03 
       1.602618671174e-03       8.074909227246e+03 
       1.693213545248e-03       8.478088997861e+03 
       1.786350459668e-03       8.887349017256e+03 
       1.881847568904e-03       9.301517489906e+03 
       1.979526536666e-03       9.719471284021e+03 
       2.079215405112e-03       1.014015705079e+04 
       2.180750645487e-03       1.056259712792e+04 
       2.283978490652e-03       1.098588714753e+04 
       2.388755671666e-03       1.140921114528e+04 
       2.494949683712e-03       1.183182974208e+04 
       2.602438697858e-03       1.225307559130e+04 
       2.711111219785e-03       1.267235687303e+04 
       2.820865578879e-03       1.308914809759e+04 
       2.931609313536e-03       1.350298572131e+04 
       3.043258502730e-03       1.391347310731e+04 
       3.155737080483e-03       1.432024528298e+04 
       3.268976158968e-03       1.472298979631e+04 
       3.382913377512e-03       1.512145037012e+04 
       3.497492288292e-03       1.551538560212e+04 
       3.612661784761e-03       1.590460051759e+04 
       3.728375575478e-03       1.628892387298e+04 
       3.844591703630e-03       1.666820993947e+04 
       3.961272110993e-03       1.704234586341e+04 
       4.078382244082e-03       1.741122099698e+04 
       4.195890699678e-03       1.777476415964e+04 
       4.313768906639e-03       1.813289608141e+04 
       4.431990840826e-03       1.848557835722e+04 
       4.550532770055e-03       1.883276564446e+04 
       4.669373026086e-03       1.917442622350e+04 
       4.788491800896e-03       1.951053326848e+04 
       4.907870964669e-03       1.984111888929e+04 
       5.027493903171e-03       2.016615872795e+04 
       5.147345372394e-03       2.048566457924e+04 
       5.267411368582e-03       2.079964935982e+04 
       5.387679011919e-03       2.110812746737e+04 
       5.508136442378e-03       2.141112834268e+04 
       5.628772726370e-03       2.170868143874e+04 
       5.749577773000e-03       2.200079796507e+04 
       5.870542258865e-03       2.228752884332e+04 
       5.991657560450e-03       2.256890799798e+04 
       6.112915693289e-03       2.284497639916e+04 
       6.234309257161e-03       2.311576746111e+04 
       6.355831386653e-03       2.338132545448e+04 
       6.477475706524e-03       2.364168657945e+04 
       6.599236291355e-03       2.389690982477e+04 
       6.721107629027e-03       2.414705200571e+04 
       6.843084587634e-03       2.439212081285e+04 
       6.965162385466e-03       2.463221236498e+04 
       7.087336563750e-03       2.486734799737e+04 
       7.209602961865e-03       2.509756846467e+04 
       7.331957694789e-03       2.532294306166e+04 
       7.454397132541e-03       2.554358317208e+04 
       7.576917881437e-03       2.575941584899e+04 
       7.699516766966e-03       2.597054151616e+04 
       7.822190818144e-03       2.617702120677e+04 
       7.944937253195e-03       2.637889455696e+04 
       8.067753466432e-03       2.657622383340e+04 
       8.190637016235e-03       2.676905588132e+04 
       8.313585614016e-03       2.695743318084e+04 
       8.436597114079e-03       2.714140532346e+04 
       8.559669504301e-03       2.732102114561e+04 
       8.682800897556e-03       2.749632791493e+04 
       8.805989523813e-03       2.766738272272e+04 
       8.929233722859e-03       2.783423063805e+04 
       9.052531937575e-03       2.799690694895e+04 
       9.175882707736e-03       2.815548218523e+04 
       9.299284664283e-03       2.830999424367e+04 
       9.422736524020e-03       2.846048872395e+04 
       9.546237084713e-03       2.860702087624e+04 
       9.669785220550e-03       2.874962462516e+04 
       9.793379877934e-03       2.888834820417e+04 
       9.917020071586e-03       2.902323825697e+04 
       1.004070488092e-02       2.915433720767e+04 
       1.016443344671e-02       2.928168597233e+04 
       1.028820496794e-02       2.940533207300e+04 
       1.041201869892e-02       2.952531891207e+04 
       1.053587394662e-02       2.964170238956e+04 
       1.065977006814e-02       2.975451635276e+04 
       1.078370646837e-02       2.986380423630e+04 
       1.090768259788e-02       2.996961272044e+04 
       1.103169795086e-02       3.007197723203e+04 
       1.115575206324e-02       3.017094648622e+04 
       1.127984451099e-02       3.026654709956e+04 
       1.140397490846e-02       3.035882917175e+04 
       1.152814290686e-02       3.044782690128e+04 
       1.165234819288e-02       3.053358775999e+04 
       1.177659048739e-02       3.061614689308e+04 
       1.190086954417e-02       3.069554670530e+04 
       1.202518514882e-02       3.077182106834e+04 
       1.214953711769e-02       3.084501537410e+04 
       1.227392529690e-02       3.091515775385e+04 
       1.239834956144e-02       3.098229471833e+04 
       1.252280981431e-02       3.104645812812e+04 
       1.264730598575e-02       3.110759959196e+04 
       1.277183803251e-02       3.116592747509e+04 
       1.289640593717e-02       3.122138750926e+04 
       1.302100970753e-02       3.127393567735e+04 
       1.314564937606e-02       3.132376507230e+04 
       1.327032499934e-02       3.137085014345e+04 
       1.339503665758e-02       3.141521294867e+04 
       1.351978445419e-02       3.145691164219e+04 
       1.364456851541e-02       3.149599012545e+04 
       1.376938898987e-02       3.153231853973e+04 
       1.389424604833e-02       3.156601751069e+04 
       1.401913988334e-02       3.159730045994e+04 
       1.414407070898e-02       3.162612694512e+04 
       1.426903876066e-02       3.165245545026e+04 
       1.439404429485e-02       3.167623595737e+04 
       1.451908758897e-02       3.169766871584e+04 
       1.464416894118e-02       3.171674910735e+04 
       1.476928867029e-02       3.173344001622e+04 
       1.489444711564e-02       3.174765081676e+04 
       1.501964463704e-02       3.175972964359e+04 
       1.514488161469e-02       3.176957569694e+04 
       1.527015844916e-02       3.177714699134e+04 
       1.539547556136e-02       3.178249062041e+04 
       1.552083339260e-02       3.178561011146e+04 
       1.564623240455e-02       3.178665846492e+04 
       1.577167307934e-02       3.178562130990e+04 
       1.589715591960e-02       3.178243518507e+04 
       1.602268144854e-02       3.177724231500e+04 
       1.614825021010e-02       3.176999059773e+04 
       1.627386276901e-02       3.176069675112e+04 
       1.639951971098e-02       3.174950391316e+04 
       1.652522164284e-02       3.173653980546e+04 
       1.665096919269e-02       3.172149140253e+04 
       1.677676301015e-02       3.170438748312e+04 
       1.690260376649e-02       3.168576599217e+04 
       1.702849215493e-02       3.166520792124e+04 
       1.715442889084e-02       3.164283308042e+04 
       1.728041471200e-02       3.161869407563e+04 
       1.740645037890e-02       3.159277589419e+04 
       1.753253667499e-02       3.156503417339e+04 
       1.765867440702e-02       3.153582164032e+04 
       1.778486440536e-02       3.150476266428e+04 
       1.791110752433e-02       3.147227700154e+04 
       1.803740464255e-02       3.143803164570e+04 
       1.816375666334e-02       3.140220027618e+04 
       1.829016451508e-02       3.136478383194e+04 
       1.841662915165e-02       3.132581105564e+04 
       1.854315155281e-02       3.128538799364e+04 
       1.866973272471e-02       3.124359898271e+04 
       1.879637370027e-02       3.120020861693e+04 
       1.892307553971e-02       3.115526714124e+04 
       1.904983933102e-02       3.110914009351e+04 
       1.917666619051e-02       3.106144640058e+04 
       1.930355726329e-02       3.101246585863e+04 
       1.943051372387e-02       3.096227086779e+04 
       1.955753677670e-02       3.091061703238e+04 
       1.968462765677e-02       3.085766229926e+04 
       1.981178763021e-02       3.080335577442e+04 
       1.993901799497e-02       3.074789853009e+04 
       2.006632008140e-02       3.069121350736e+04 
       2.019369525299e-02       3.063340408751e+04 
       2.032114490701e-02       3.057425308571e+04 
       2.044867047529e-02       3.051413472360e+04 
       2.057627342491e-02       3.045273361496e+04 
       2.070395525899e-02       3.039028981822e+04 
       2.083171751748e-02       3.032668859387e+04 
       2.095956177799e-02       3.026194266004e+04 
       2.108748965660e-02       3.019623309832e+04 
       2.121550280877e-02       3.012949652446e+04 
       2.134360293018e-02       3.006175535772e+04 
       2.147179175773e-02       2.999311779461e+04 
       2.160007107043e-02       2.992333155353e+04 
       2.172844269041e-02       2.985276968297e+04 
       2.185690848394e-02       2.978117163479e+04 
       2.198547036247e-02       2.970857920024e+04 
       2.211413028370e-02       2.963519032391e+04 
       2.224289025271e-02       2.956092766201e+04 
       2.237175232311e-02       2.948581076151e+04 
       2.250071859821e-02       2.940999231067e+04 
       2.262979123224e-02       2.933322930363e+04 
       2.275897243165e-02       2.925569590255e+04 
       2.288826445635e-02       2.917735520514e+04 
       2.301766962110e-02       2.909825857947e+04 
       2.314719029689e-02       2.901836048764e+04 
       2.327682891234e-02       2.893780031369e+04 
       2.340658795522e-02       2.885658096843e+04 
       2.353646997393e-02       2.877468658817e+04 
       2.366647757910e-02       2.869209432018e+04 
       2.379661344521e-02       2.860885974189e+04 
       2.392688031224e-02       2.852495058986e+04 
       2.405728098747e-02       2.844035816709e+04 
       2.418781834717e-02       2.835524109895e+04 
       2.431849533854e-02       2.826952106965e+04 
       2.444931498157e-02       2.818332159618e+04 
       2.458028037101e-02       2.809643182188e+04 
       2.471139467843e-02       2.800917421729e+04 
       2.484266115434e-02       2.792128792043e+04 
       2.497408313032e-02       2.783288344314e+04 
       2.510566402132e-02       2.774392366819e+04 
       2.523740732798e-02       2.765456136664e+04 
       2.536931663903e-02       2.756472590447e+04 
       2.550139563382e-02       2.747445683779e+04 
       2.563364808484e-02       2.738384942043e+04 
       2.576607786046e-02       2.729261402181e+04 
       2.589868892768e-02       2.720128416068e+04 
       2.603148535496e-02       2.710919220297e+04 
       2.616447131525e-02       2.701699962991e+04 
       2.629765108904e-02       2.692433100390e+04 
       2.643102906753e-02       2.683125675178e+04 
       2.656460975597e-02       2.673790246072e+04 
       2.669839777708e-02       2.664421579425e+04 
       2.683239787459e-02       2.655023337287e+04 
       2.696661491696e-02       2.645602558686e+04 
       2.710105390117e-02       2.636138616523e+04 
       2.723571995674e-02       2.626664662405e+04 
       2.737061834981e-02       2.617153291583e+04 
       2.750575448744e-02       2.607615797217e+04 
       2.764113392209e-02       2.598051419684e+04 
       2.777676235620e-02       2.588467221022e+04 
       2.791264564702e-02       2.578857995378e+04 
       2.804878981161e-02       2.569246335585e+04 
       2.818520103204e-02       2.559601568108e+04 
       2.832188566076e-02       2.549939340351e+04 
       2.845885022631e-02       2.540258180595e+04 
       2.859610143908e-02       2.530555845438e+04 
       2.873364619748e-02       2.520843130161e+04 
       2.887149159429e-02       2.511114913660e+04 
       2.900964492322e-02       2.501382333712e+04 
       2.914811368590e-02       2.491620404010e+04 
       2.928690559902e-02       2.481867769894e+04 
       2.942602860186e-02       2.472089890267e+04 
       2.956549086412e-02       2.462303062992e+04 
       2.970530079409e-02       2.452505092379e+04 
       2.984546704721e-02       2.442699567826e+04 
       2.998599853497e-02       2.432894599961e+04 
       3.012690443426e-02       2.423074085180e+04 
       3.026819419710e-02       2.413262109084e+04 
       3.040987756082e-02       2.403431908107e+04 
       3.055196455877e-02       2.393600422126e+04 
       3.069446553144e-02       2.383762757504e+04 
       3.083739113820e-02       2.373924223828e+04 
       3.098075236950e-02       2.364082802791e+04 
       3.112456055973e-02       2.354242564917e+04 
       3.126882740071e-02       2.344401973995e+04 
       3.141356495575e-02       2.334559528804e+04 
       3.155878567452e-02       2.324725606451e+04 
       3.170450240861e-02       2.314883017163e+04 
       3.185072842783e-02       2.305040138875e+04 
       3.199747743745e-02       2.295202927074e+04 
       3.214476359623e-02       2.285366998152e+04 
       3.229260153542e-02       2.275532293004e+04 
       3.244100637881e-02       2.265714647488e+04 
       3.258999376375e-02       2.255897497578e+04 
       3.273957986336e-02       2.246065779375e+04 
       3.288978140996e-02       2.236253466431e+04 
       3.304061571975e-02       2.226449454689e+04 
       3.319210071885e-02       2.216646684971e+04 
       3.334425497084e-02       2.206846089480e+04 
       3.349709770584e-02       2.197066385992e+04 
       3.365064885125e-02       2.187283462158e+04 
       3.380492906431e-02       2.177494678121e+04 
       3.395995976648e-02       2.167730361284e+04 
       3.411576317999e-02       2.157968552059e+04 
       3.427236236650e-02       2.148214917212e+04 
       3.442978126809e-02       2.138468304043e+04 
       3.458804475084e-02       2.128730117583e+04 
       3.474717865108e-02       2.118995930293e+04 
       3.490720982455e-02       2.109274417542e+04 
       3.506816619873e-02       2.099566509484e+04 
       3.523007682849e-02       2.089861860992e+04 
       3.539297195542e-02       2.080160355962e+04 
       3.555688307112e-02       2.070479679866e+04 
       3.572184298463e-02       2.060809624911e+04 
       3.588788589457e-02       2.051130681198e+04 
       3.605504746615e-02       2.041475228033e+04 
       3.622336491361e-02       2.031830468219e+04 
       3.639287708845e-02       2.022174483138e+04 
       3.656362457404e-02       2.012544584337e+04 
       3.673564978707e-02       2.002922365206e+04 
       3.690899708648e-02       1.993304994705e+04 
       3.708371289055e-02       1.983687615656e+04 
       3.725984580290e-02       1.974088009364e+04 
       3.743744674815e-02       1.964496042601e+04 
       3.761656911821e-02       1.954915281697e+04 
       3.779726893013e-02       1.945321069755e+04 
       3.797960499676e-02       1.935752902904e+04 
       3.816363911128e-02       1.926184030549e+04 
       3.834943624708e-02       1.916621290167e+04 
       3.853706477458e-02       1.907062567253e+04 
       3.872659669653e-02       1.897508061430e+04 
       3.891810790398e-02       1.887950912093e+04 
       3.911167845479e-02       1.878409019650e+04 
       3.930739287740e-02       1.868857488244e+04 
       3.950534050234e-02       1.859320982693e+04 
       3.970561582476e-02       1.849779404167e+04 
       3.990831890138e-02       1.840236902203e+04 
       4.011355578580e-02       1.830692691816e+04 
       4.032143900672e-02       1.821146740087e+04 
       4.053208809411e-02       1.811596076661e+04 
       4.074563015923e-02       1.802047180093e+04 
       4.096220053497e-02       1.792490786256e+04 
       4.118194348439e-02       1.782927370829e+04 
       4.140501298594e-02       1.773355043452e+04 
       4.163157360554e-02       1.763768851687e+04 
       4.186180146709e-02       1.754181950291e+04 
       4.209588533489e-02       1.744587297307e+04 
       4.233402782341e-02       1.734956622854e+04 
       4.257644675264e-02       1.725326156903e+04 
       4.282337667010e-02       1.715673234037e+04 
       4.307507056429e-02       1.706000194319e+04 
       4.333180179852e-02       1.696298890132e+04 
       4.359386629955e-02       1.686580641103e+04 
       4.386158504121e-02       1.676833753661e+04 
       4.413530687126e-02       1.667053004821e+04 
       4.441541173831e-02       1.657236336636e+04 
       4.470231438732e-02       1.647388277239e+04 
       4.499646860526e-02       1.637494473897e+04 
       4.529837211566e-02       1.627556849725e+04 
       4.560857224110e-02       1.617570100864e+04 
       4.592767247825e-02       1.607519740685e+04 
       4.625634016185e-02       1.597420587857e+04 
       4.659531543350e-02       1.587253948369e+04 
       4.694542178077e-02       1.577010063159e+04 
       4.730757847439e-02       1.566688167857e+04 
       4.768281531055e-02       1.556283125101e+04 
       4.807229016462e-02       1.545768930069e+04 
       4.847730999025e-02       1.535152478218e+04 
       4.889935605909e-02       1.524418077869e+04 
       4.934011444291e-02       1.513546309893e+04 
       4.980151300247e-02       1.502526359794e+04 
       5.028576648100e-02       1.491337481904e+04 
       5.079543172049e-02       1.479954791058e+04 
       5.133347554157e-02       1.468357290566e+04 
       5.190335846157e-02       1.456517103886e+04 
       5.250913816182e-02       1.444386248364e+04 
       5.315559739997e-02       1.431918875190e+04 
       5.384840174606e-02       1.419056949981e+04 
       5.459429275101e-02       1.405724749836e+04 
       5.540132118813e-02       1.391826621551e+04 
       5.627912134401e-02       1.377236680833e+04 
       5.723921812462e-02       1.361779380673e+04 
       5.829533888791e-02       1.345235724593e+04 
       5.946366316084e-02       1.327305788423e+04 
       6.076287477250e-02       1.307574965250e+04 
       6.221377477332e-02       1.285504935027e+04 
       6.383808653706e-02       1.260407603792e+04 
       6.565602496941e-02       1.231432450572e+04 
       6.768242463036e-02       1.197650893922e+04 
       6.992200317225e-02       1.158225309725e+04 
       7.236559228078e-02       1.112675057030e+04 
       7.498984568261e-02       1.061234504308e+04 
       7.776155275890e-02       1.004991157185e+04 
       8.064469471418e-02       9.458069725354e+03 
       8.360672489059e-02       8.860147977534e+03 
       8.662184939970e-02       8.279905042300e+03 
       8.967143568363e-02       7.738074782192e+03 
       9.274284782583e-02       7.250014951902e+03 
       9.582786511770e-02       6.824796845455e+03 
       9.892127945262e-02       6.465396749421e+03 
       1.020198457548e-01       6.169395439360e+03 
       1.051215627200e-01       5.930066588140e+03 
       1.082252037712e-01       5.737671640746e+03 
       1.113300199271e-01       5.580519704471e+03 
       1.144355547896e-01       5.446089927654e+03 
       1.175415305295e-01       5.322294740821e+03 
       1.206477780580e-01       5.198321335789e+03 
       1.237541944217e-01       5.065642198261e+03 
       1.268607168638e-01       4.918724296722e+03 
       1.299673070550e-01       4.755090284665e+03 
       1.330739415121e-01       4.575486825357e+03 
       1.361806057802e-01       4.383312344390e+03 
       1.392872908993e-01       4.183762645475e+03 
       1.423939912590e-01       3.983071006630e+03 
       1.455007032953e-01       3.787534865367e+03 
       1.486074246983e-01       3.602816579415e+03 
       1.517141539308e-01       3.433464336239e+03 
       1.548208899347e-01       3.282481802366e+03 
       1.579276319521e-01       3.151298135390e+03 
       1.610343794161e-01       3.039759684982e+03 
       1.641411318831e-01       2.946393724714e+03 
       1.672478889920e-01       2.868622962026e+03 
       1.703546504380e-01       2.803130932389e+03 
       1.734614159563e-01       2.746234389684e+03 
       1.765681853122e-01       2.694235390964e+03 
       1.796749582939e-01       2.644310510730e+03 
       1.827817347084e-01       2.592646201091e+03 
       1.858885143781e-01       2.536948373987e+03 
       1.889952971387e-01       2.475851745424e+03 
       1.921020828376e-01       2.408983251298e+03 
       1.952088713323e-01       2.336970215704e+03 
       1.983156624901e-01       2.261253479880e+03 
       2.014224561863e-01       2.183667976188e+03 
       2.045292523042e-01       2.106289301813e+03 
       2.076360507342e-01       2.031016244718e+03 
       2.107428513731e-01       1.959462718141e+03 
       2.138496541241e-01       1.892878882000e+03 
       2.169564588956e-01       1.832081523744e+03 
       2.200632656016e-01       1.777481087830e+03 
       2.231700741606e-01       1.729115247322e+03 
       2.262768844957e-01       1.686603864313e+03 
       2.293836965344e-01       1.649272127411e+03 
       2.324905102078e-01       1.616095046279e+03 
       2.355973254510e-01       1.585959502297e+03 
       2.387041422021e-01       1.557610570821e+03 
       2.418109604027e-01       1.529943542898e+03 
       2.449177799973e-01       1.502015280763e+03 
       2.480246009332e-01       1.473152664747e+03 
       2.511314231603e-01       1.442967782293e+03 
       2.542382466309e-01       1.411332028719e+03 
       2.573450712998e-01       1.378326168703e+03 
       2.604518971239e-01       1.344267426592e+03 
       2.635587240619e-01       1.309600374476e+03 
       2.666655520749e-01       1.274888601560e+03 
       2.697723811254e-01       1.240755846047e+03 
       2.728792111777e-01       1.207795403877e+03 
       2.759860421979e-01       1.176520573078e+03 
       2.790928741535e-01       1.147286057199e+03 
       2.821997070134e-01       1.120256736835e+03 
       2.853065407479e-01       1.095436375505e+03 
       2.884133753286e-01       1.072671291230e+03 
       2.915202107282e-01       1.051730768169e+03 
       2.946270469208e-01       1.032307156522e+03 
       2.977338838814e-01       1.014057108095e+03 
       3.008407215861e-01       9.966420330003e+02 
       3.039475600119e-01       9.797417692789e+02 
       3.070543991368e-01       9.630311058681e+02 
       3.101612389398e-01       9.462641825790e+02 
       3.132680794005e-01       9.292679818173e+02 
       3.163749204995e-01       9.119522550418e+02 
       3.194817622181e-01       8.943338234871e+02 
       3.225886045383e-01       8.765072337812e+02 
       3.256954474428e-01       8.586200869129e+02 
       3.288022909149e-01       8.408447815047e+02 
       3.319091349386e-01       8.233504762951e+02 
       3.350159794986e-01       8.063020617941e+02 
       3.381228245799e-01       7.898221505673e+02 
       3.412296701683e-01       7.740219768473e+02 
       3.443365162499e-01       7.589751944910e+02 
       3.474433628116e-01       7.447209496819e+02 
       3.505502098404e-01       7.312615459644e+02 
       3.536570573240e-01       7.185381904701e+02 
       3.567639052504e-01       7.064632257375e+02 
       3.598707536082e-01       6.949191156970e+02 
       3.629776023863e-01       6.837747505343e+02 
       3.660844515738e-01       6.729134911259e+02 
       3.691913011604e-01       6.622385372580e+02 
       3.722981511361e-01       6.516767558147e+02 
       3.754050014911e-01       6.411946562660e+02 
       3.785118522162e-01       6.307563054587e+02 
       3.816187033021e-01       6.203565382739e+02 
       3.847255547402e-01       6.099955908146e+02 
       3.878324065219e-01       5.996923651374e+02 
       3.909392586390e-01       5.894813858984e+02 
       3.940461110836e-01       5.794124711748e+02 
       3.971529638479e-01       5.695408367415e+02 
       4.002598169245e-01       5.599165318814e+02 
       4.033666703061e-01       5.505669585935e+02 
       4.064735239857e-01       5.415201136405e+02 
       4.095803779564e-01       5.327755036849e+02 
       4.126872322118e-01       5.243230012774e+02 
       4.157940867453e-01       5.161543345382e+02 
       4.189009415509e-01       5.082547139059e+02 
       4.220077966223e-01       5.006091808989e+02 
       4.251146519539e-01       4.931962989919e+02 
       4.282215075398e-01       4.859895423207e+02 
       4.313283633747e-01       4.789528980750e+02 
       4.344352194531e-01       4.720511195304e+02 
       4.375420757698e-01       4.652543122470e+02 
       4.406489323197e-01       4.585410282926e+02 
       4.437557890981e-01       4.518987587775e+02 
       4.468626461000e-01       4.453299825361e+02 
       4.499695033208e-01       4.388356729621e+02 
       4.530763607560e-01       4.324248791613e+02 
       4.561832184013e-01       4.261033955464e+02 
       4.592900762523e-01       4.198778456060e+02 
       4.623969343048e-01       4.137545396713e+02 
       4.655037925549e-01       4.077490872791e+02 
       4.686106509986e-01       4.018747057540e+02 
       4.717175096320e-01       3.961442171456e+02 
       4.748243684514e-01       3.905676322828e+02 
       4.779312274532e-01       3.851464298182e+02 
       4.810380866338e-01       3.798730413024e+02 
       4.841449459898e-01       3.747344831083e+02 
       4.872518055177e-01       3.697160120521e+02 
       4.903586652145e-01       3.648045338758e+02 
       4.934655250767e-01       3.599902222550e+02 
       4.965723851013e-01       3.552656890262e+02 
       4.996792452854e-01       3.506241855824e+02 
       5.027861056258e-01       3.460585922885e+02 
       5.058929661198e-01       3.415612562099e+02 
       5.089998267644e-01       3.371206797680e+02 
       5.121066875570e-01       3.327370702176e+02 
       5.152135484949e-01       3.284097734594e+02 
       5.183204095754e-01       3.241438560257e+02 
       5.214272707960e-01       3.199465106060e+02 
       5.245341321542e-01       3.158239743594e+02 
       5.276409936475e-01       3.117794759043e+02 
       5.307478552736e-01       3.078135309827e+02 
       5.338547170302e-01       3.039211060176e+02 
       5.369615789149e-01       3.001019046779e+02 
       5.400684409256e-01       2.963548431662e+02 
       5.431753030601e-01       2.926803519614e+02 
       5.462821653162e-01       2.890791519350e+02 
       5.493890276920e-01       2.855515453413e+02 
       5.524958901853e-01       2.820939494337e+02 
       5.556027527943e-01       2.787007489651e+02 
       5.587096155169e-01       2.753654574560e+02 
       5.618164783513e-01       2.720830633560e+02 
       5.649233412956e-01       2.688498226247e+02 
       5.680302043480e-01       2.656654684880e+02 
       5.711370675068e-01       2.625306575651e+02 
       5.742439307702e-01       2.594456251612e+02 
       5.773507941365e-01       2.564093740464e+02 
       5.804576576041e-01       2.534184976091e+02 
       5.835645211713e-01       2.504704648881e+02 
       5.866713848366e-01       2.475636274150e+02 
       5.897782485984e-01       2.446986700497e+02 
       5.928851124552e-01       2.418776287700e+02 
       5.959919764054e-01       2.391038823667e+02 
       5.990988404477e-01       2.363788569924e+02 
       6.022057045807e-01       2.337023294794e+02 
       6.053125688028e-01       2.310719982532e+02 
       6.084194331128e-01       2.284847097701e+02 
       6.115262975092e-01       2.259380486207e+02 
       6.146331619909e-01       2.234310942866e+02 
       6.177400265564e-01       2.209640228569e+02 
       6.208468912046e-01       2.185373596949e+02 
       6.239537559341e-01       2.161509298410e+02 
       6.270606207439e-01       2.138029852926e+02 
       6.301674856326e-01       2.114904794856e+02 
       6.332743505992e-01       2.092104349804e+02 
       6.363812156424e-01       2.069609070636e+02 
       6.394880807612e-01       2.047415299373e+02 
       6.425949459545e-01       2.025532431271e+02 
       6.457018112212e-01       2.003975371388e+02 
       6.488086765602e-01       1.982750030550e+02 
       6.519155419705e-01       1.961848250330e+02 
       6.550224074510e-01       1.941253515062e+02 
       6.581292730009e-01       1.920946390535e+02 
       6.612361386190e-01       1.900914436215e+02 
       6.643430043045e-01       1.881160006022e+02 
       6.674498700564e-01       1.861694470944e+02 
       6.705567358737e-01       1.842528317227e+02 
       6.736636017557e-01       1.823664692367e+02 
       6.767704677013e-01       1.805094869510e+02 
       6.798773337096e-01       1.786797472761e+02 
       6.829841997800e-01       1.768752446599e+02 
       6.860910659114e-01       1.750946919552e+02 
       6.891979321031e-01       1.733377302224e+02 
       6.923047983542e-01       1.716051712429e+02 
       6.954116646641e-01       1.698977132105e+02 
       6.985185310317e-01       1.682152988983e+02 
       7.016253974565e-01       1.665572325892e+02 
       7.047322639376e-01       1.649214456677e+02 
       7.078391304744e-01       1.633064752485e+02 
       7.109459970660e-01       1.617115636510e+02 
       7.140528637117e-01       1.601368068027e+02 
       7.171597304109e-01       1.585831533382e+02 
       7.202665971629e-01       1.570515617926e+02 
       7.233734639669e-01       1.555420612912e+02 
       7.264803308223e-01       1.540540130105e+02 
       7.295871977285e-01       1.525859238649e+02 
       7.606024550492e-01       1.389354066408e+02 
       7.935505890014e-01       1.262262317584e+02 
       8.285331204153e-01       1.144459035345e+02 
       8.656342225876e-01       1.035565227547e+02 
       9.049200648649e-01       9.354408399238e+01 
       9.464417200649e-01       8.436692762925e+01 
       9.902411038044e-01       7.599211770096e+01 
       1.036358420089e+00       6.837428610582e+01 
       1.084839257004e+00       6.146457210965e+01 
       1.135739912244e+00       5.521230888374e+01 
       1.189130376698e+00       4.956616343848e+01 
       1.245095186946e+00       4.447412650240e+01 
       1.303732795083e+00       3.988533221560e+01 
       1.365154184527e+00       3.575443135888e+01 
       1.429481317647e+00       3.203876980810e+01 
       1.496845781641e+00       2.869823740513e+01 
       1.567387798370e+00       2.569586974258e+01 
       1.641255622387e+00       2.299938264331e+01 
       1.718605273230e+00       2.057845506095e+01 
       1.799600519739e+00       1.840562278470e+01 
       1.884413037035e+00       1.645687119288e+01 
       1.973222674048e+00       1.470925530629e+01 
       2.066217789740e+00       1.314299923997e+01 
       2.163595633064e+00       1.173966135321e+01 
       2.265562753552e+00       1.048272274865e+01 
       2.372335436584e+00       9.357478733641e+00 
       2.484140161187e+00       8.350433633991e+00 
       2.601214080136e+00       7.449519427591e+00 
       2.723805522902e+00       6.643795793561e+00 
       2.852174522369e+00       5.923466230899e+00 
       2.986593366396e+00       5.279697431732e+00 
       3.127347175373e+00       4.704567675636e+00 
       3.274734506999e+00       4.190913860237e+00 
       3.429067989566e+00       3.732287819390e+00 
       3.590674985082e+00       3.322955698992e+00 
       3.759898283652e+00       2.957711946668e+00 
       3.937096830579e+00       2.631895293700e+00 
       4.122646487740e+00       2.341353073063e+00 
       4.316940830835e+00       2.082334957414e+00 
       4.520391984213e+00       1.851509492665e+00 
       4.733431495050e+00       1.645829442377e+00 
       4.956511248710e+00       1.462627377532e+00 
       5.190104427260e+00       1.299493913169e+00 
       5.434706513149e+00       1.154257902085e+00 
       5.690836340197e+00       1.024986061878e+00 
       5.959037194106e+00       9.099648789451e-01 
       6.239877964845e+00       8.076541928588e-01 
       6.533954353343e+00       7.166617182022e-01 
       6.841890135047e+00       6.357575053916e-01 
       7.164338483036e+00       5.638419532744e-01 
       7.501983353486e+00       4.999282636466e-01 
       7.855540936438e+00       4.431414433351e-01 
       8.225761174927e+00       3.927035786992e-01 
       8.613429355715e+00       3.479145495930e-01 
       9.019367774988e+00       3.081447997649e-01 
       9.444437482561e+00       2.728535398038e-01 
       9.889540108271e+00       2.415281394883e-01 
       1.035561977447e+01       2.137361639838e-01 
       1.084366509860e+01       1.890849733865e-01 
       1.135471129025e+01       1.672250508346e-01 
       1.188984234690e+01       1.478428651618e-01 
       1.245019335326e+01       1.306631018877e-01 
       1.303695288895e+01       1.154392784775e-01 
       1.365136554962e+01       1.019507485255e-01 
       1.429473458688e+01       9.000433233126e-02 
       1.496842467274e+01       7.942611622904e-02 
       1.567386479417e+01       7.006056661089e-02 
       1.641255128427e+01       6.177116207893e-02 
       1.718605099610e+01       5.443771792798e-02 
       1.799600462628e+01       4.795018941763e-02 
       1.884413019503e+01       4.221345259399e-02 
       1.973222669041e+01       3.714165321106e-02 
       2.066217788414e+01       3.265941003718e-02 
       2.163595632739e+01       2.870019121679e-02 
       2.265562753479e+01       2.520207317366e-02 
       2.372335436568e+01       2.211450664510e-02 
       2.484140161184e+01       1.938994115176e-02 
       2.601214080135e+01       1.698670606805e-02 
       2.723805522901e+01       1.486743390129e-02 
       2.852174522369e+01       1.299974231726e-02 
       2.986593366396e+01       1.135505889730e-02 
       3.127347175373e+01       9.906437892679e-03 
       3.274734506999e+01       8.631861646854e-03 
       3.429067989566e+01       7.511121282179e-03 
       3.590674985082e+01       6.526534743061e-03 
       3.759898283652e+01       5.662100328875e-03 
       3.937096830579e+01       4.903791974450e-03 
       4.122646487740e+01       4.239060382735e-03 
       4.316940830835e+01       3.657150437635e-03 
       4.520391984213e+01       3.148348717150e-03 
       4.733431495050e+01       2.704279948895e-03 
       4.956511248710e+01       2.316669198587e-03 
       5.190104427260e+01       1.978966858760e-03 
       5.434706513149e+01       1.685503914066e-03 
       5.690836340197e+01       1.430744054899e-03 
       5.959037194106e+01       1.210215308460e-03 
       6.239877964845e+01       1.019741284833e-03 
       6.533954353343e+01       8.553943485454e-04 
       6.841890135047e+01       7.143781282907e-04 
       7.164338483036e+01       5.934665308423e-04 
       7.501983353486e+01       4.902754449028e-04 
       7.855540936438e+01       4.025229517464e-04 
       8.225761174927e+01       3.282163433983e-04 
       8.613429355715e+01       2.656165515019e-04 
       9.019367774988e+01       2.131475349486e-04 
       9.444437482561e+01       1.695121674414e-04 
       9.889540108271e+01       1.333842870137e-04 
       1.035561977447e+02       1.037213395313e-04 
       1.084366509860e+02       7.961254587334e-05 
       1.135471129025e+02       6.017080666824e-05 
       1.188984234690e+02       4.470285943915e-05 
       1.245019335326e+02       3.253744726648e-05 
       1.303695288895e+02       2.311937621937e-05 
