# Matter power spectrum P(k) at redshift z=0
# for k=1.00946e-05 to 124.492 h/Mpc,
# number of wavenumbers equal to 713
#    1:k (h/Mpc)              2:P (Mpc/h)^3        
       1.009462240743e-05       6.421828555695e+01 
       2.254505961125e-05       1.405340548081e+02 
       3.503639398545e-05       2.148503396727e+02 
       4.760002062644e-05       2.884479007146e+02 
       6.026781993044e-05       3.618755673031e+02 
       7.307242324431e-05       4.354857643974e+02 
       8.604748647405e-05       5.095542086653e+02 
       9.922797506845e-05       5.843256187211e+02 
       1.126504638230e-04       6.600163689890e+02 
       1.263534549787e-04       7.369011813039e+02 
       1.403777181064e-04       8.152320512804e+02 
       1.547666552383e-04       8.952521116114e+02 
       1.695666946080e-04       9.772311632715e+02 
       1.848277161308e-04       1.061435698702e+03 
       2.006035113408e-04       1.148150147618e+03 
       2.169522798142e-04       1.237679547110e+03 
       2.339371630338e-04       1.330364226700e+03 
       2.516268150538e-04       1.426546424452e+03 
       2.700960070185e-04       1.526618735517e+03 
       2.894262593624e-04       1.630975515089e+03 
       3.097064911117e-04       1.740072750840e+03 
       3.310336698328e-04       1.854382012353e+03 
       3.535134381426e-04       1.974425386934e+03 
       3.772606830569e-04       2.100753465797e+03 
       4.024000026768e-04       2.233964403093e+03 
       4.290660109132e-04       2.374690474545e+03 
       4.574034056474e-04       2.523607177748e+03 
       4.875667101125e-04       2.681421487977e+03 
       5.197195834170e-04       2.848869706718e+03 
       5.540335872574e-04       3.026707262294e+03 
       5.906862964197e-04       3.215696796672e+03 
       6.298586561349e-04       3.416590536106e+03 
       6.717315254505e-04       3.630111570513e+03 
       7.164814070611e-04       3.856927942673e+03 
       7.642754516026e-04       4.097627254720e+03 
       8.152659333972e-04       4.352688102284e+03 
       8.695845120546e-04       4.622448898608e+03 
       9.273366989552e-04       4.907086141906e+03 
       9.885970128911e-04       5.206589737604e+03 
       1.053405309852e-03       5.520751318711e+03 
       1.121764693252e-03       5.849159989307e+03 
       1.193641256173e-03       6.191211769761e+03 
       1.268965700769e-03       6.546120341184e+03 
       1.347636662007e-03       6.912913129582e+03 
       1.429525377859e-03       7.290546447297e+03 
       1.514481230526e-03       7.677887058467e+03 
       1.602337648742e-03       8.073736847602e+03 
       1.692917903541e-03       8.476879169890e+03 
       1.786040426791e-03       8.886105554969e+03 
       1.881523404750e-03       9.300244017239e+03 
       1.979188521292e-03       9.718173406607e+03 
       2.078863828915e-03       1.013883860626e+04 
       2.180385801262e-03       1.056126213902e+04 
       2.283600667431e-03       1.098453967491e+04 
       2.388365150148e-03       1.140785507116e+04 
       2.494546733058e-03       1.183046838428e+04 
       2.602023573595e-03       1.225171326183e+04 
       2.710684162595e-03       1.267099633577e+04 
       2.820426814059e-03       1.308779412705e+04 
       2.931159050965e-03       1.350163979254e+04 
       3.042796937197e-03       1.391213915423e+04 
       3.155264392250e-03       1.431892620751e+04 
       3.268492514502e-03       1.472168766715e+04 
       3.382418930307e-03       1.512016822094e+04 
       3.496987179726e-03       1.551412601648e+04 
       3.612146144974e-03       1.590336552041e+04 
       3.727849524222e-03       1.628771595522e+04 
       3.844055351094e-03       1.666703112144e+04 
       3.960725558586e-03       1.704119792325e+04 
       4.077825585161e-03       1.741010618519e+04 
       4.195324020231e-03       1.777368428202e+04 
       4.313192285913e-03       1.813185193760e+04 
       4.431404351909e-03       1.848457377860e+04 
       4.549936480402e-03       1.883179996124e+04 
       4.668766998006e-03       1.917350143519e+04 
       4.787876091995e-03       1.950965121140e+04 
       4.907245628250e-03       1.984028028624e+04 
       5.026858988601e-03       2.016536527728e+04 
       5.146700925436e-03       2.048491730436e+04 
       5.266757431696e-03       2.079894926064e+04 
       5.387015624539e-03       2.110747600105e+04 
       5.507463641157e-03       2.141052614715e+04 
       5.628090545409e-03       2.170812867443e+04 
       5.748886244053e-03       2.200029883032e+04 
       5.869841411523e-03       2.228707999230e+04 
       5.990947422313e-03       2.256851636650e+04 
       6.112196290122e-03       2.284463403653e+04 
       6.233580613033e-03       2.311547918347e+04 
       6.355093524064e-03       2.338109217953e+04 
       6.476728646525e-03       2.364150878345e+04 
       6.598480053652e-03       2.389678768115e+04 
       6.720342232080e-03       2.414698690817e+04 
       6.842310048746e-03       2.439211305617e+04 
       6.964378720865e-03       2.463226232339e+04 
       7.086543788662e-03       2.486745518973e+04 
       7.208801090585e-03       2.509772514908e+04 
       7.331146740743e-03       2.532316788635e+04 
       7.453577108344e-03       2.554386713261e+04 
       7.576088798944e-03       2.575975906831e+04 
       7.698678637324e-03       2.597094310659e+04 
       7.821343651836e-03       2.617748397353e+04 
       7.944081060080e-03       2.637941765015e+04 
       8.066888255784e-03       2.657680707329e+04 
       8.189762796781e-03       2.676969935497e+04 
       8.312702393963e-03       2.695813745590e+04 
       8.435704901149e-03       2.714216699733e+04 
       8.558768305756e-03       2.732184730423e+04 
       8.681890720227e-03       2.749721496285e+04 
       8.805070374121e-03       2.766833078148e+04 
       8.928305606838e-03       2.783523923135e+04 
       9.051594860891e-03       2.799797722741e+04 
       9.174936675710e-03       2.815661356896e+04 
       9.298329681906e-03       2.831118662585e+04 
       9.421772595969e-03       2.846174174313e+04 
       9.545264215367e-03       2.860833476287e+04 
       9.668803414005e-03       2.875099936710e+04 
       9.792389138016e-03       2.888978368635e+04 
       9.916020401862e-03       2.902473436290e+04 
       1.003969628471e-02       2.915589461695e+04 
       1.016341592710e-02       2.928330287413e+04 
       1.028717852779e-02       2.940700911212e+04 
       1.041098334087e-02       2.952705601265e+04 
       1.053482967311e-02       2.964349933752e+04 
       1.065871688139e-02       2.975637194353e+04 
       1.078264437043e-02       2.986571949055e+04 
       1.090661159061e-02       2.997158832178e+04 
       1.103061803593e-02       3.007401369327e+04 
       1.115466324216e-02       3.017303602580e+04 
       1.127874678510e-02       3.026869788449e+04 
       1.140286827892e-02       3.036103809277e+04 
       1.152702737470e-02       3.045009387012e+04 
       1.165122375897e-02       3.053591216316e+04 
       1.177545715243e-02       3.061852855906e+04 
       1.189972730874e-02       3.069798521070e+04 
       1.202403401335e-02       3.077431558615e+04 
       1.214837708248e-02       3.084756377668e+04 
       1.227275636211e-02       3.091776716145e+04 
       1.239717172709e-02       3.098495640283e+04 
       1.252162308031e-02       3.104918299649e+04 
       1.264611035186e-02       3.111036511264e+04 
       1.277063349839e-02       3.116875220316e+04 
       1.289519250234e-02       3.122427351633e+04 
       1.301978737141e-02       3.127686518844e+04 
       1.314441813793e-02       3.132675826657e+04 
       1.326908485837e-02       3.137388947004e+04 
       1.339378761283e-02       3.141830659096e+04 
       1.351852650461e-02       3.146005526413e+04 
       1.364330165981e-02       3.149918761268e+04 
       1.376811322698e-02       3.153556535508e+04 
       1.389296137675e-02       3.156931682775e+04 
       1.401784630156e-02       3.160064688604e+04 
       1.414276821540e-02       3.162952351378e+04 
       1.426772735353e-02       3.165590601810e+04 
       1.439272397235e-02       3.167973553651e+04 
       1.451775834915e-02       3.170121471565e+04 
       1.464283078199e-02       3.172034491229e+04 
       1.476794158957e-02       3.173708543589e+04 
       1.489309111111e-02       3.175134090459e+04 
       1.501827970632e-02       3.176346184614e+04 
       1.514350775529e-02       3.177336741024e+04 
       1.526877565847e-02       3.178097237712e+04 
       1.539408383668e-02       3.178636653301e+04 
       1.551943273109e-02       3.178952640111e+04 
       1.564482280329e-02       3.179061976009e+04 
       1.577025453526e-02       3.178962578043e+04 
       1.589572842955e-02       3.178648570803e+04 
       1.602124500924e-02       3.178133893037e+04 
       1.614680481816e-02       3.177412435406e+04 
       1.627240842093e-02       3.176487509230e+04 
       1.639805640313e-02       3.175372105044e+04 
       1.652374937146e-02       3.174080403516e+04 
       1.664948795394e-02       3.172578940161e+04 
       1.677527280002e-02       3.170872551096e+04 
       1.690110458088e-02       3.169014513262e+04 
       1.702698398961e-02       3.166962485362e+04 
       1.715291174144e-02       3.164729320526e+04 
       1.727888857404e-02       3.162318877941e+04 
       1.740491524776e-02       3.159730770929e+04 
       1.753099254592e-02       3.156960329065e+04 
       1.765712127514e-02       3.154042770853e+04 
       1.778330226564e-02       3.150940537398e+04 
       1.790953637162e-02       3.147695788746e+04 
       1.803582447156e-02       3.144274488256e+04 
       1.816216746862e-02       3.140694848255e+04 
       1.828856629106e-02       3.136956305439e+04 
       1.841502189259e-02       3.133062563062e+04 
       1.854153525284e-02       3.129023689801e+04 
       1.866810737779e-02       3.124847986293e+04 
       1.879473930021e-02       3.120512142314e+04 
       1.892143208017e-02       3.116021004142e+04 
       1.904818680551e-02       3.111411496976e+04 
       1.917500459235e-02       3.106645112489e+04 
       1.930188658565e-02       3.101750068512e+04 
       1.942883395974e-02       3.096733389047e+04 
       1.955584791890e-02       3.091570935910e+04 
       1.968292969794e-02       3.086278596879e+04 
       1.981008056283e-02       3.080850716272e+04 
       1.993730181131e-02       3.075307587156e+04 
       2.006459477357e-02       3.069641722538e+04 
       2.019196081288e-02       3.063863460260e+04 
       2.031940132634e-02       3.057951133526e+04 
       2.044691774556e-02       3.051942208302e+04 
       2.057451153743e-02       3.045803865546e+04 
       2.070218420485e-02       3.039562190139e+04 
       2.082993728758e-02       3.033204683160e+04 
       2.095777236299e-02       3.026732227698e+04 
       2.108569104696e-02       3.020163572360e+04 
       2.121369499470e-02       3.013492195782e+04 
       2.134178590168e-02       3.006720745684e+04 
       2.146996550456e-02       2.999858725187e+04 
       2.159823558209e-02       2.992882261155e+04 
       2.172659795618e-02       2.985828178803e+04 
       2.185505449283e-02       2.978670135129e+04 
       2.198360710323e-02       2.971413123879e+04 
       2.211225774483e-02       2.964076416309e+04 
       2.224100842244e-02       2.956651982682e+04 
       2.236986118938e-02       2.949141951657e+04 
       2.249881814868e-02       2.941562345580e+04 
       2.262788145429e-02       2.933887413014e+04 
       2.275705331236e-02       2.926135624146e+04 
       2.288633598249e-02       2.918303685824e+04 
       2.301573177914e-02       2.910394957163e+04 
       2.314524307298e-02       2.902407149615e+04 
       2.327487229231e-02       2.894352822579e+04 
       2.340462192455e-02       2.886231986475e+04 
       2.353449451777e-02       2.878043918704e+04 
       2.366449268225e-02       2.869786274375e+04 
       2.379461909211e-02       2.861464143915e+04 
       2.392487648698e-02       2.853074820239e+04 
       2.405526767372e-02       2.844617599456e+04 
       2.418579552827e-02       2.836106489994e+04 
       2.431646299740e-02       2.827535223918e+04 
       2.444727310069e-02       2.818916799608e+04 
       2.457822893250e-02       2.810229057787e+04 
       2.470933366396e-02       2.801504164221e+04 
       2.484059054514e-02       2.792716808228e+04 
       2.497200290717e-02       2.783877375721e+04 
       2.510357416456e-02       2.774982327670e+04 
       2.523530781746e-02       2.766047058879e+04 
       2.536720745413e-02       2.757064224779e+04 
       2.549927675340e-02       2.748038400413e+04 
       2.563151948728e-02       2.738978465452e+04 
       2.576393952359e-02       2.729855946488e+04 
       2.589654082881e-02       2.720723194852e+04 
       2.602932747084e-02       2.711514882203e+04 
       2.616230362206e-02       2.702296467030e+04 
       2.629547356238e-02       2.693030243263e+04 
       2.642884168240e-02       2.683723373819e+04 
       2.656241248677e-02       2.674388486757e+04 
       2.669619059755e-02       2.665020355270e+04 
       2.683018075785e-02       2.655622595725e+04 
       2.696438783544e-02       2.646201459727e+04 
       2.709881682662e-02       2.636744765179e+04 
       2.723347286020e-02       2.627265257636e+04 
       2.736836120160e-02       2.617754279520e+04 
       2.750348725713e-02       2.608217104586e+04 
       2.763885657847e-02       2.598653061900e+04 
       2.777447486728e-02       2.589069106039e+04 
       2.791034798000e-02       2.579460073475e+04 
       2.804648193283e-02       2.569848763630e+04 
       2.818288290698e-02       2.560204179759e+04 
       2.831955725404e-02       2.550542035423e+04 
       2.845651150158e-02       2.540860998411e+04 
       2.859375235908e-02       2.531158674375e+04 
       2.873128672398e-02       2.521446030453e+04 
       2.886912168802e-02       2.511717955179e+04 
       2.900726454390e-02       2.501985264883e+04 
       2.914572279218e-02       2.492223401121e+04 
       2.928450414844e-02       2.482470649357e+04 
       2.942361655083e-02       2.472692630036e+04 
       2.956306816786e-02       2.462905745972e+04 
       2.970286740663e-02       2.453107676162e+04 
       2.984302292131e-02       2.443301877187e+04 
       2.998354362210e-02       2.433509857811e+04 
       3.012443868456e-02       2.423675888140e+04 
       3.026571755931e-02       2.413863730604e+04 
       3.040738998228e-02       2.404033730905e+04 
       3.054946598532e-02       2.394201802111e+04 
       3.069195590741e-02       2.384363672286e+04 
       3.083487040633e-02       2.374524716767e+04 
       3.097822047089e-02       2.364682769330e+04 
       3.112201743380e-02       2.354842352221e+04 
       3.126627298511e-02       2.345001227653e+04 
       3.141099918633e-02       2.335158355456e+04 
       3.155620848524e-02       2.325323911305e+04 
       3.170191373147e-02       2.315480770420e+04 
       3.184812819282e-02       2.305637460043e+04 
       3.199486557246e-02       2.295799986640e+04 
       3.214214002696e-02       2.285963171723e+04 
       3.228996618533e-02       2.276128024718e+04 
       3.243835916899e-02       2.266309887281e+04 
       3.258733461285e-02       2.256492553561e+04 
       3.273690868750e-02       2.246659392132e+04 
       3.288709812264e-02       2.236853104950e+04 
       3.303792023171e-02       2.227041946720e+04 
       3.318939293797e-02       2.217238430853e+04 
       3.334153480205e-02       2.207436929896e+04 
       3.349436505096e-02       2.197656522620e+04 
       3.364790360889e-02       2.187872696121e+04 
       3.380217112969e-02       2.178074195089e+04 
       3.395718903136e-02       2.168318223174e+04 
       3.411297953245e-02       2.158555547410e+04 
       3.426956569079e-02       2.148801030326e+04 
       3.442697144448e-02       2.139053733379e+04 
       3.458522165545e-02       2.129314564785e+04 
       3.474434215565e-02       2.119579434509e+04 
       3.490435979628e-02       2.109857113237e+04 
       3.506530250003e-02       2.100147199151e+04 
       3.522719931678e-02       2.090442569903e+04 
       3.539008048290e-02       2.080740010955e+04 
       3.555397748446e-02       2.071058438716e+04 
       3.571892312477e-02       2.061387274251e+04 
       3.588495159637e-02       2.051707777131e+04 
       3.605209855814e-02       2.042050810736e+04 
       3.622040121761e-02       2.032405219698e+04 
       3.638989841925e-02       2.022754999418e+04 
       3.656063073904e-02       2.013116707559e+04 
       3.673264058585e-02       2.003493896080e+04 
       3.690597231039e-02       1.993875225106e+04 
       3.708067232226e-02       1.984256916861e+04 
       3.725678921591e-02       1.974656667024e+04 
       3.743437390626e-02       1.965062825813e+04 
       3.761347977496e-02       1.955480986916e+04 
       3.779416282820e-02       1.945885480775e+04 
       3.797648186732e-02       1.936316008369e+04 
       3.816049867327e-02       1.926746065773e+04 
       3.834627820650e-02       1.917182133642e+04 
       3.853388882362e-02       1.907622157132e+04 
       3.872340251272e-02       1.898066386219e+04 
       3.891489514922e-02       1.888508119869e+04 
       3.910844677433e-02       1.878964840622e+04 
       3.930414189869e-02       1.869411978907e+04 
       3.950206983382e-02       1.859874138488e+04 
       3.970232505453e-02       1.850331027647e+04 
       3.990500759573e-02       1.840787342458e+04 
       4.011022348764e-02       1.831241589539e+04 
       4.031808523383e-02       1.821694365430e+04 
       4.052871233725e-02       1.812142266274e+04 
       4.074223188001e-02       1.802592160979e+04 
       4.095877916360e-02       1.793034213612e+04 
       4.117849841712e-02       1.783469468314e+04 
       4.140154358224e-02       1.773895561718e+04 
       4.162807918503e-02       1.764307996716e+04 
       4.185828130610e-02       1.754719398874e+04 
       4.209233866265e-02       1.745123513594e+04 
       4.233045381778e-02       1.735491517396e+04 
       4.257284453539e-02       1.725858974061e+04 
       4.281974530159e-02       1.716204907310e+04 
       4.307140903750e-02       1.706530212107e+04 
       4.332810903241e-02       1.696827194544e+04 
       4.359014113145e-02       1.687107724174e+04 
       4.385782621832e-02       1.677358978524e+04 
       4.413151304095e-02       1.667576716107e+04 
       4.441158143710e-02       1.657757949480e+04 
       4.469844602830e-02       1.647908609465e+04 
       4.499256046370e-02       1.638013179552e+04 
       4.529442231246e-02       1.628073815014e+04 
       4.560457872367e-02       1.618085359354e+04 
       4.592363299841e-02       1.608038269372e+04 
       4.625225225019e-02       1.597932679493e+04 
       4.659117636935e-02       1.587760292418e+04 
       4.694122855707e-02       1.577518709851e+04 
       4.730332775637e-02       1.567194862127e+04 
       4.767850338678e-02       1.556787330836e+04 
       4.806791288897e-02       1.546272552945e+04 
       4.847286271253e-02       1.535653792651e+04 
       4.889483354190e-02       1.524918351179e+04 
       4.933551076140e-02       1.514044142372e+04 
       4.979682142297e-02       1.503022538715e+04 
       5.028097931328e-02       1.491831549110e+04 
       5.079054013723e-02       1.480447357375e+04 
       5.132846935679e-02       1.468848045053e+04 
       5.189822585796e-02       1.457006087989e+04 
       5.250386535445e-02       1.444873152505e+04 
       5.315016822173e-02       1.432404484476e+04 
       5.384279713828e-02       1.419540960159e+04 
       5.458849014299e-02       1.406207534006e+04 
       5.539529375382e-02       1.392307920068e+04 
       5.627283713907e-02       1.377716880187e+04 
       5.723263914213e-02       1.362258898299e+04 
       5.828842014362e-02       1.345714975342e+04 
       5.945635205651e-02       1.327785421083e+04 
       6.075511121826e-02       1.308051605175e+04 
       6.220549288340e-02       1.285988304788e+04 
       6.382921903931e-02       1.260895062022e+04 
       6.564651141214e-02       1.231924557338e+04 
       6.767222329502e-02       1.198149734138e+04 
       6.991110374379e-02       1.158730989774e+04 
       7.235402303507e-02       1.113186648568e+04 
       7.497766921501e-02       1.061748073156e+04 
       7.774885069617e-02       1.005501660661e+04 
       8.063154935316e-02       9.463070544804e+03 
       8.359320627205e-02       8.864953114500e+03 
       8.660801054284e-02       8.284482827224e+03 
       8.965731364929e-02       7.742379750717e+03 
       9.272846719326e-02       7.254015329119e+03 
       9.581324164731e-02       6.828490936888e+03 
       9.890642303802e-02       6.468799738704e+03 
       1.020047625258e-01       6.172539334872e+03 
       1.051062564442e-01       5.932987056415e+03 
       1.082096767536e-01       5.740412920673e+03 
       1.113142735736e-01       5.583126947259e+03 
       1.144195899570e-01       5.448603660107e+03 
       1.175253477395e-01       5.324751171564e+03 
       1.206313776288e-01       5.200748067857e+03 
       1.237375765471e-01       5.068055181105e+03 
       1.268438816625e-01       4.921131116301e+03 
       1.299502545999e-01       4.757485364299e+03 
       1.330566718482e-01       4.577886221354e+03 
       1.361631189354e-01       4.385650568483e+03 
       1.392695868913e-01       4.186042846633e+03 
       1.423760700991e-01       3.985276072626e+03 
       1.454825649909e-01       3.789647847082e+03 
       1.485890692545e-01       3.604826348559e+03 
       1.516955813511e-01       3.435364362883e+03 
       1.548021002217e-01       3.284272652107e+03 
       1.579086251078e-01       3.152984353811e+03 
       1.610151554420e-01       3.041350815617e+03 
       1.641216907807e-01       2.947900767462e+03 
       1.672282307624e-01       2.870061972328e+03 
       1.703347750822e-01       2.804513265392e+03 
       1.734413234752e-01       2.747580065705e+03 
       1.765478757066e-01       2.695547057737e+03 
       1.796544315647e-01       2.645588088083e+03 
       1.827609908563e-01       2.593927090620e+03 
       1.858675534037e-01       2.538220762022e+03 
       1.889741190426e-01       2.477115909006e+03 
       1.920806876203e-01       2.410236375346e+03 
       1.951872589945e-01       2.338207274230e+03 
       1.982938330322e-01       2.262467732658e+03 
       2.014004096089e-01       2.184853067198e+03 
       2.045069886077e-01       2.107439414013e+03 
       2.076135699190e-01       2.032127129403e+03 
       2.107201534398e-01       1.960531597478e+03 
       2.138267390729e-01       1.893912341325e+03 
       2.169333267269e-01       1.833065670665e+03 
       2.200399163157e-01       1.778425656894e+03 
       2.231465077579e-01       1.730022910405e+03 
       2.262531009766e-01       1.687478216303e+03 
       2.293596958991e-01       1.650118528845e+03 
       2.324662924566e-01       1.616917348800e+03 
       2.355728905841e-01       1.586761927375e+03 
       2.386794902199e-01       1.558398561687e+03 
       2.417860913054e-01       1.530719556896e+03 
       2.448926937851e-01       1.502782410396e+03 
       2.479992976063e-01       1.473910047065e+03 
       2.511059027189e-01       1.443716310718e+03 
       2.542125090753e-01       1.412071058526e+03 
       2.573191166302e-01       1.379054242625e+03 
       2.604257253404e-01       1.344982990309e+03 
       2.635323351648e-01       1.310301689173e+03 
       2.666389460642e-01       1.275573870188e+03 
       2.697455580014e-01       1.241423485010e+03 
       2.728521709406e-01       1.208444514694e+03 
       2.759587848478e-01       1.177150379596e+03 
       2.790653996905e-01       1.147896972074e+03 
       2.821720154376e-01       1.120846160784e+03 
       2.852786320595e-01       1.096011919314e+03 
       2.883852495277e-01       1.073231565205e+03 
       2.914918678150e-01       1.052277322330e+03 
       2.945984868954e-01       1.032841672860e+03 
       2.977051067439e-01       1.014580968405e+03 
       3.008117273366e-01       9.971566230947e+02 
       3.039183486505e-01       9.802480943565e+02 
       3.070249706637e-01       9.635299846534e+02 
       3.101315933549e-01       9.467560718021e+02 
       3.132382167041e-01       9.297532485591e+02 
       3.163448406916e-01       9.124306779250e+02 
       3.194514652988e-01       8.948050386715e+02 
       3.225580905077e-01       8.769707431119e+02 
       3.256647163009e-01       8.590753402793e+02 
       3.287713426619e-01       8.412912147425e+02 
       3.318779695745e-01       8.237877560496e+02 
       3.349845970235e-01       8.067299592276e+02 
       3.380912249939e-01       7.902406603021e+02 
       3.411978534714e-01       7.744312176041e+02 
       3.443044824423e-01       7.593753738693e+02 
       3.474111118933e-01       7.451124066836e+02 
       3.505177418114e-01       7.316446940299e+02 
       3.536243721844e-01       7.189136169046e+02 
       3.567310030004e-01       7.068315126074e+02 
       3.598376342477e-01       6.952809820890e+02 
       3.629442659154e-01       6.841306820589e+02 
       3.660508979925e-01       6.732639541469e+02 
       3.691575304689e-01       6.625838217853e+02 
       3.722641633343e-01       6.520170281992e+02 
       3.753707965792e-01       6.415299938492e+02 
       3.784774301941e-01       6.310866743503e+02 
       3.815840641699e-01       6.206819569232e+02 
       3.846906984979e-01       6.103160075096e+02 
       3.877973331697e-01       6.000074259486e+02 
       3.909039681768e-01       5.897916293276e+02 
       3.940106035115e-01       5.797174512472e+02 
       3.971172391659e-01       5.698405088187e+02 
       4.002238751327e-01       5.602109029899e+02 
       4.033305114045e-01       5.508560778820e+02 
       4.064371479743e-01       5.418041364024e+02 
       4.095437848354e-01       5.330536231796e+02 
       4.126504219810e-01       5.245973363235e+02 
       4.157570594049e-01       5.164241233019e+02 
       4.188636971008e-01       5.085200928442e+02 
       4.219703350627e-01       5.008703820170e+02 
       4.250769732847e-01       4.934534247380e+02 
       4.281836117612e-01       4.862425074661e+02 
       4.312902504866e-01       4.792024038164e+02 
       4.343968894555e-01       4.722971373532e+02 
       4.375035286628e-01       4.654968388507e+02 
       4.406101681034e-01       4.587802112429e+02 
       4.437168077724e-01       4.521346118296e+02 
       4.468234476649e-01       4.455624864690e+02 
       4.499300877764e-01       4.390648719483e+02 
       4.530367281024e-01       4.326507337165e+02 
       4.561433686384e-01       4.263260274944e+02 
       4.592500093802e-01       4.200971620142e+02 
       4.623566503235e-01       4.139706473187e+02 
       4.654632914644e-01       4.079619762149e+02 
       4.685699327989e-01       4.020843964086e+02 
       4.716765743232e-01       3.963507402033e+02 
       4.747832160335e-01       3.907710406602e+02 
       4.778898579262e-01       3.853468173630e+02 
       4.809964999977e-01       3.800704828838e+02 
       4.841031422447e-01       3.749291316384e+02 
       4.872097846636e-01       3.699079561312e+02 
       4.903164272513e-01       3.649938926412e+02 
       4.934230700046e-01       3.601770052214e+02 
       4.965297129203e-01       3.554500002760e+02 
       4.996363559954e-01       3.508060561652e+02 
       5.027429992269e-01       3.462380819778e+02 
       5.058496426119e-01       3.417384019711e+02 
       5.089562861477e-01       3.372955586325e+02 
       5.120629298314e-01       3.329096773343e+02 
       5.151695736604e-01       3.285801294619e+02 
       5.182762176321e-01       3.243119779209e+02 
       5.213828617438e-01       3.201123789738e+02 
       5.244895059932e-01       3.159876122429e+02 
       5.275961503778e-01       3.119408792558e+02 
       5.307027948951e-01       3.079729035047e+02 
       5.338094395429e-01       3.040782759674e+02 
       5.369160843189e-01       3.002570455590e+02 
       5.400227292208e-01       2.965079910923e+02 
       5.431293742466e-01       2.928315176873e+02 
       5.462360193940e-01       2.892283702396e+02 
       5.493426646611e-01       2.856988297867e+02 
       5.524493100458e-01       2.822393597718e+02 
       5.555559555460e-01       2.788443602957e+02 
       5.586626011600e-01       2.755073074147e+02 
       5.617692468857e-01       2.722231695205e+02 
       5.648758927214e-01       2.689882374874e+02 
       5.679825386652e-01       2.658022037045e+02 
       5.710891847154e-01       2.626657305198e+02 
       5.741958308702e-01       2.595790457058e+02 
       5.773024771279e-01       2.565411731229e+02 
       5.804091234869e-01       2.535487406131e+02 
       5.835157699456e-01       2.505991025472e+02 
       5.866224165024e-01       2.476907508784e+02 
       5.897290631556e-01       2.448242655547e+02 
       5.928357099039e-01       2.420017260774e+02 
       5.959423567456e-01       2.392264568987e+02 
       5.990490036794e-01       2.364999771902e+02 
       6.021556507039e-01       2.338219861953e+02 
       6.052622978175e-01       2.311902298624e+02 
       6.083689450190e-01       2.286015642266e+02 
       6.114755923070e-01       2.260535534169e+02 
       6.145822396802e-01       2.235452729803e+02 
       6.176888871373e-01       2.210768667237e+02 
       6.207955346770e-01       2.186489065648e+02 
       6.239021822981e-01       2.162611766405e+02 
       6.270088299994e-01       2.139119806339e+02 
       6.301154777798e-01       2.115982388873e+02 
       6.332221256379e-01       2.093169880828e+02 
       6.363287735728e-01       2.070662749851e+02 
       6.394354215832e-01       2.048457301065e+02 
       6.425420696681e-01       2.026562796463e+02 
       6.456487178264e-01       2.004994181781e+02 
       6.487553660570e-01       1.983757320642e+02 
       6.518620143589e-01       1.962844332224e+02 
       6.549686627312e-01       1.942238468823e+02 
       6.580753111727e-01       1.921920386631e+02 
       6.611819596825e-01       1.901878141168e+02 
       6.642886082596e-01       1.882113002883e+02 
       6.673952569032e-01       1.862637055910e+02 
       6.705019056122e-01       1.843460556672e+02 
       6.736085543858e-01       1.824586900188e+02 
       6.767152032231e-01       1.806006822971e+02 
       6.798218521232e-01       1.787699713593e+02 
       6.829285010853e-01       1.769645025245e+02 
       6.860351501084e-01       1.751830000822e+02 
       6.891417991918e-01       1.734251054143e+02 
       6.922484483347e-01       1.716916249205e+02 
       6.953550975363e-01       1.699832436594e+02 
       6.984617467957e-01       1.682999262361e+02 
       7.015683961122e-01       1.666408218119e+02 
       7.046750454851e-01       1.650043110716e+02 
       7.077816949136e-01       1.633884704297e+02 
       7.108883443970e-01       1.617927224919e+02 
       7.139949939345e-01       1.602171437691e+02 
       7.171016435254e-01       1.586626465051e+02 
       7.202082931692e-01       1.571302289801e+02 
       7.233149428650e-01       1.556199184662e+02 
       7.264215926122e-01       1.541310642742e+02 
       7.295282424102e-01       1.526621830298e+02 
       7.605408350115e-01       1.390045770987e+02 
       7.934861402470e-01       1.262886694979e+02 
       8.284656760744e-01       1.145022296596e+02 
       8.655636147452e-01       1.036071401379e+02 
       9.048461255239e-01       9.358935283898e+01 
       9.463642809792e-01       8.440733824249e+01 
       9.901599952639e-01       7.602796438835e+01 
       1.036273469034e+00       6.840619691430e+01 
       1.084750284959e+00       6.149278761259e+01 
       1.135646733462e+00       5.523720287581e+01 
       1.189032796719e+00       4.958799069869e+01 
       1.244993001581e+00       4.449322926963e+01 
       1.303625789741e+00       3.990198887228e+01 
       1.365042133750e+00       3.576887505219e+01 
       1.429363984740e+00       3.205123395010e+01 
       1.496722918310e+00       2.870892410930e+01 
       1.567259144330e+00       2.570496288531e+01 
       1.641120904916e+00       2.300704674424e+01 
       1.718464206655e+00       2.058485271146e+01 
       1.799452804876e+00       1.841088537295e+01 
       1.884258360574e+00       1.646112131015e+01 
       1.973060707907e+00       1.471260685422e+01 
       2.066048190370e+00       1.314555683226e+01 
       2.163418040720e+00       1.174151547410e+01 
       2.265376791540e+00       1.048395870342e+01 
       2.372140710451e+00       9.358155503052e+00 
       2.483936257894e+00       8.350626265070e+00 
       2.601000567177e+00       7.449285529992e+00 
       2.723581947388e+00       6.643192195199e+00 
       2.851940410066e+00       5.922538636173e+00 
       2.986348220720e+00       5.278490924922e+00 
       3.127090476337e+00       4.703119556570e+00 
       3.274465710110e+00       4.189258130640e+00 
       3.428786524670e+00       3.730454636428e+00 
       3.590380255154e+00       3.320975740746e+00 
       3.759589663530e+00       2.955608893989e+00 
       3.936773665640e+00       2.629684513329e+00 
       4.122308092506e+00       2.339066143711e+00 
       4.316586487524e+00       2.079981762368e+00 
       4.520020941218e+00       1.849102112358e+00 
       4.733042965337e+00       1.643394916825e+00 
       4.956104408156e+00       1.460164752166e+00 
       5.189678412901e+00       1.297021687356e+00 
       5.434260421352e+00       1.151775840901e+00 
       5.690369224741e+00       1.022515712015e+00 
       5.958548064176e+00       9.075085560956e-01 
       6.239365782932e+00       8.052062717796e-01 
       6.533418033040e+00       7.142372654722e-01 
       6.841328538747e+00       6.333622256806e-01 
       7.163750419518e+00       5.614806249413e-01 
       7.501367575388e+00       4.976079300001e-01 
       7.854896137613e+00       4.408661895671e-01 
       8.225085987669e+00       3.904689757790e-01 
       8.612722347862e+00       3.457229563112e-01 
       9.018627446882e+00       3.060031178061e-01 
       9.443662263865e+00       2.707526167676e-01 
       9.888728354644e+00       2.394772803749e-01 
       1.035476976407e+01       2.117360942168e-01 
       1.084277502845e+01       1.871345507633e-01 
       1.135377927238e+01       1.653279563178e-01 
       1.188886640438e+01       1.459956598965e-01 
       1.244917141599e+01       1.288679686278e-01 
       1.303588278926e+01       1.136973209353e-01 
       1.365024501768e+01       1.002610366471e-01 
       1.429356124591e+01       8.836760316507e-02 
       1.496719603390e+01       7.784126538591e-02 
       1.567257825137e+01       6.852832454828e-02 
       1.641120410857e+01       6.029063104675e-02 
       1.718464032998e+01       5.300760291867e-02 
       1.799452747751e+01       4.657145099270e-02 
       1.884258343038e+01       4.088469734633e-02 
       1.973060702899e+01       3.586329521362e-02 
       2.066048189043e+01       3.143064132010e-02 
       2.163418040395e+01       2.752018428752e-02 
       2.265376791466e+01       2.407117380823e-02 
       2.372140710436e+01       2.103093873794e-02 
       2.483936257892e+01       1.835334506606e-02 
       2.601000567177e+01       1.599560425241e-02 
       2.723581947388e+01       1.392129213078e-02 
       2.851940410066e+01       1.209770727627e-02 
       2.986348220720e+01       1.049674220069e-02 
       3.127090476337e+01       9.091202339774e-03 
       3.274465710110e+01       7.858664002838e-03 
       3.428786524670e+01       6.779798555513e-03 
       3.590380255154e+01       5.835822856240e-03 
       3.759589663530e+01       5.011412192487e-03 
       3.936773665640e+01       4.292044225057e-03 
       4.122308092506e+01       3.665272300033e-03 
       4.316586487525e+01       3.120236260059e-03 
       4.520020941218e+01       2.647397538237e-03 
       4.733042965337e+01       2.237765253558e-03 
       4.956104408156e+01       1.884030558948e-03 
       5.189678412901e+01       1.579291258408e-03 
       5.434260421352e+01       1.317551154416e-03 
       5.690369224741e+01       1.093345400680e-03 
       5.958548064176e+01       9.020173206198e-04 
       6.239365782932e+01       7.394143545512e-04 
       6.533418033040e+01       6.018271592147e-04 
       6.841328538747e+01       4.861599492955e-04 
       7.163750419518e+01       3.892638264816e-04 
       7.501367575388e+01       3.086446910082e-04 
       7.854896137613e+01       2.421404321319e-04 
       8.225085987669e+01       1.876167146717e-04 
       8.612722347862e+01       1.433766430152e-04 
       9.018627446882e+01       1.077901204711e-04 
       9.443662263865e+01       7.958823769252e-05 
       9.888728354644e+01       5.746184689749e-05 
       1.035476976407e+02       4.044540580414e-05 
       1.084277502845e+02       2.756602619672e-05 
       1.135377927238e+02       1.805280407022e-05 
       1.188886640438e+02       1.122527225496e-05 
       1.244917141599e+02       6.502690122379e-06 
