# Matter power spectrum P(k) at redshift z=0
# for k=1.00946e-05 to 130.37 h/Mpc,
# number of wavenumbers equal to 714
#    1:k (h/Mpc)              2:P (Mpc/h)^3        
       1.009464849392e-05       6.424764467421e+01 
       2.254595584416e-05       1.406013644734e+02 
       3.503816723294e-05       2.149012323085e+02 
       4.760268435468e-05       2.884824077489e+02 
       6.027139435890e-05       3.619333728174e+02 
       7.307693559436e-05       4.355158365855e+02 
       8.605297131448e-05       5.095823367690e+02 
       9.923447476341e-05       5.843755186987e+02 
       1.126580290891e-04       6.600685201371e+02 
       1.263621455605e-04       7.369543015593e+02 
       1.403876035795e-04       8.152955804998e+02 
       1.547778159539e-04       8.953214789578e+02 
       1.695792227905e-04       9.773097699274e+02 
       1.848417171445e-04       1.061518574465e+03 
       2.006191051407e-04       1.148240799469e+03 
       2.169696025972e-04       1.237778597172e+03 
       2.339563691054e-04       1.330472375748e+03 
       2.516480789239e-04       1.426664891090e+03 
       2.701195257346e-04       1.526748337043e+03 
       2.894522550830e-04       1.631117551184e+03 
       3.097352139111e-04       1.740228594948e+03 
       3.310654007132e-04       1.854552765176e+03 
       3.535484922061e-04       1.974612189379e+03 
       3.772994127619e-04       2.100958664869e+03 
       4.024428010618e-04       2.234189246802e+03 
       4.291133146229e-04       2.374937459599e+03 
       4.574556975369e-04       2.523878172270e+03 
       4.876245211381e-04       2.681719122937e+03 
       5.197834934539e-04       2.849196584356e+03 
       5.541042244227e-04       3.027065957574e+03 
       5.907643344400e-04       3.216090202120e+03 
       6.299448092965e-04       3.417021653936e+03 
       6.718265407378e-04       3.630583326168e+03 
       7.165860532352e-04       3.857443233141e+03 
       7.643905052204e-04       4.098188896949e+03 
       8.153921621100e-04       4.353298619186e+03 
       8.697226559257e-04       4.623110493326e+03 
       9.274874509320e-04       4.907800575742e+03 
       9.887609998824e-04       5.207358247529e+03 
       1.053583075995e-03       5.521574611908e+03 
       1.121956686855e-03       5.850037743243e+03 
       1.193847821462e-03       6.192143323187e+03 
       1.269187075031e-03       6.547104314656e+03 
       1.347872978076e-03       6.913946911460e+03 
       1.429776671316e-03       7.291627204068e+03 
       1.514747450523e-03       7.679011509056e+03 
       1.602618671174e-03       8.074900866014e+03 
       1.693213545248e-03       8.478078705126e+03 
       1.786350459668e-03       8.887336916059e+03 
       1.881847568904e-03       9.301503098844e+03 
       1.979526536666e-03       9.719454293092e+03 
       2.079215405112e-03       1.014013712741e+04 
       2.180750645487e-03       1.056257391993e+04 
       2.283978490652e-03       1.098586028080e+04 
       2.388755671666e-03       1.140918022832e+04 
       2.494949683712e-03       1.183179435638e+04 
       2.602438697858e-03       1.225303793716e+04 
       2.711111219785e-03       1.267231860389e+04 
       2.820865578879e-03       1.308910837558e+04 
       2.931609313536e-03       1.350294475849e+04 
       3.043258502730e-03       1.391343025100e+04 
       3.155737080483e-03       1.432020198756e+04 
       3.268976158968e-03       1.472294460098e+04 
       3.382913377512e-03       1.512140369394e+04 
       3.497492288292e-03       1.551533823057e+04 
       3.612661784761e-03       1.590455201352e+04 
       3.728375575478e-03       1.628887475390e+04 
       3.844591703630e-03       1.666815991992e+04 
       3.961272110993e-03       1.704229282956e+04 
       4.078382244082e-03       1.741116790960e+04 
       4.195890699678e-03       1.777470899283e+04 
       4.313768906639e-03       1.813284117844e+04 
       4.431990840826e-03       1.848552125974e+04 
       4.550532770055e-03       1.883270872943e+04 
       4.669373026086e-03       1.917436737058e+04 
       4.788491800896e-03       1.951047446533e+04 
       4.907870964669e-03       1.984105816182e+04 
       5.027493903171e-03       2.016609830697e+04 
       5.147345372394e-03       2.048560256772e+04 
       5.267411368582e-03       2.079958533102e+04 
       5.387679011919e-03       2.110806362182e+04 
       5.508136442378e-03       2.141106297064e+04 
       5.628772726370e-03       2.170861448301e+04 
       5.749577773000e-03       2.200073224294e+04 
       5.870542258865e-03       2.228746168547e+04 
       5.991657560450e-03       2.256883902620e+04 
       6.112915693289e-03       2.284490649084e+04 
       6.234309257161e-03       2.311569647437e+04 
       6.355831386653e-03       2.338125351560e+04 
       6.477475706524e-03       2.364161373624e+04 
       6.599236291355e-03       2.389683617379e+04 
       6.721107629027e-03       2.414697755877e+04 
       6.843084587634e-03       2.439204768486e+04 
       6.965162385466e-03       2.463213840670e+04 
       7.087336563750e-03       2.486727327036e+04 
       7.209602961865e-03       2.509749308004e+04 
       7.331957694789e-03       2.532286678641e+04 
       7.454397132541e-03       2.554350388523e+04 
       7.576917881437e-03       2.575933572814e+04 
       7.699516766966e-03       2.597046067786e+04 
       7.822190818144e-03       2.617693985901e+04 
       7.944937253195e-03       2.637881253335e+04 
       8.067753466432e-03       2.657614132259e+04 
       8.190637016235e-03       2.676897283930e+04 
       8.313585614016e-03       2.695734972746e+04 
       8.436597114079e-03       2.714132090969e+04 
       8.559669504301e-03       2.732093640750e+04 
       8.682800897556e-03       2.749624290276e+04 
       8.805989523813e-03       2.766729736834e+04 
       8.929233722859e-03       2.783414514909e+04 
       9.052531937575e-03       2.799681854684e+04 
       9.175882707736e-03       2.815539385385e+04 
       9.299284664283e-03       2.830990566843e+04 
       9.422736524020e-03       2.846039946310e+04 
       9.546237084713e-03       2.860693170169e+04 
       9.669785220550e-03       2.874953568473e+04 
       9.793379877934e-03       2.888825645949e+04 
       9.917020071586e-03       2.902314653118e+04 
       1.004070488092e-02       2.915424556250e+04 
       1.016443344671e-02       2.928159459189e+04 
       1.028820496794e-02       2.940523802243e+04 
       1.041201869892e-02       2.952522517928e+04 
       1.053587394662e-02       2.964160865899e+04 
       1.065977006814e-02       2.975442262680e+04 
       1.078370646837e-02       2.986370792293e+04 
       1.090768259788e-02       2.996951685594e+04 
       1.103169795086e-02       3.007188137170e+04 
       1.115575206324e-02       3.017084808007e+04 
       1.127984451099e-02       3.026644879478e+04 
       1.140397490846e-02       3.035873130519e+04 
       1.152814290686e-02       3.044772928073e+04 
       1.165234819288e-02       3.053348768636e+04 
       1.177659048739e-02       3.061604685904e+04 
       1.190086954417e-02       3.069544669612e+04 
       1.202518514882e-02       3.077172151275e+04 
       1.214953711769e-02       3.084491344171e+04 
       1.227392529690e-02       3.091505595592e+04 
       1.239834956144e-02       3.098219330563e+04 
       1.252280981431e-02       3.104635437985e+04 
       1.264730598575e-02       3.110749648509e+04 
       1.277183803251e-02       3.116582460102e+04 
       1.289640593717e-02       3.122128251539e+04 
       1.302100970753e-02       3.127382399196e+04 
       1.314564937606e-02       3.132365943891e+04 
       1.327032499934e-02       3.137074315905e+04 
       1.339503665758e-02       3.141510675129e+04 
       1.351978445419e-02       3.145680568944e+04 
       1.364456851541e-02       3.149588264367e+04 
       1.376938898987e-02       3.153221068605e+04 
       1.389424604833e-02       3.156590980860e+04 
       1.401913988334e-02       3.159719161388e+04 
       1.414407070898e-02       3.162601881293e+04 
       1.426903876066e-02       3.165234403801e+04 
       1.439404429485e-02       3.167612500445e+04 
       1.451908758897e-02       3.169755636325e+04 
       1.464416894118e-02       3.171663791979e+04 
       1.476928867029e-02       3.173332910684e+04 
       1.489444711564e-02       3.174753787220e+04 
       1.501964463704e-02       3.175961884606e+04 
       1.514488161469e-02       3.176946042389e+04 
       1.527015844916e-02       3.177703381108e+04 
       1.539547556136e-02       3.178237511006e+04 
       1.552083339260e-02       3.178549378992e+04 
       1.564623240455e-02       3.178654190118e+04 
       1.577167307934e-02       3.178550531482e+04 
       1.589715591960e-02       3.178232108712e+04 
       1.602268144854e-02       3.177712626058e+04 
       1.614825021010e-02       3.176987466167e+04 
       1.627386276901e-02       3.176057823345e+04 
       1.639951971098e-02       3.174938621194e+04 
       1.652522164284e-02       3.173641931435e+04 
       1.665096919269e-02       3.172137494841e+04 
       1.677676301015e-02       3.170426682564e+04 
       1.690260376649e-02       3.168564646604e+04 
       1.702849215493e-02       3.166508710980e+04 
       1.715442889084e-02       3.164271145921e+04 
       1.728041471200e-02       3.161857388529e+04 
       1.740645037890e-02       3.159265388774e+04 
       1.753253667499e-02       3.156491265358e+04 
       1.765867440702e-02       3.153569960702e+04 
       1.778486440536e-02       3.150464048123e+04 
       1.791110752433e-02       3.147215306195e+04 
       1.803740464255e-02       3.143790782700e+04 
       1.816375666334e-02       3.140207467297e+04 
       1.829016451508e-02       3.136465918110e+04 
       1.841662915165e-02       3.132568465363e+04 
       1.854315155281e-02       3.128526279063e+04 
       1.866973272471e-02       3.124347206747e+04 
       1.879637370027e-02       3.120008208730e+04 
       1.892307553971e-02       3.115513886054e+04 
       1.904983933102e-02       3.110901254193e+04 
       1.917666619051e-02       3.106131703891e+04 
       1.930355726329e-02       3.101233792774e+04 
       1.943051372387e-02       3.096214127448e+04 
       1.955753677670e-02       3.091048850818e+04 
       1.968462765677e-02       3.085753209017e+04 
       1.981178763021e-02       3.080322578325e+04 
       1.993901799497e-02       3.074776689524e+04 
       2.006632008140e-02       3.069108267427e+04 
       2.019369525299e-02       3.063327151679e+04 
       2.032114490701e-02       3.057412165205e+04 
       2.044867047529e-02       3.051400169899e+04 
       2.057627342491e-02       3.045260175215e+04 
       2.070395525899e-02       3.039015634093e+04 
       2.083171751748e-02       3.032655617798e+04 
       2.095956177799e-02       3.026180867409e+04 
       2.108748965660e-02       3.019609978956e+04 
       2.121550280877e-02       3.012936166273e+04 
       2.134360293018e-02       3.006162128606e+04 
       2.147179175773e-02       2.999298219416e+04 
       2.160007107043e-02       2.992319441458e+04 
       2.172844269041e-02       2.985263376764e+04 
       2.185690848394e-02       2.978103419864e+04 
       2.198547036247e-02       2.970844280472e+04 
       2.211413028370e-02       2.963505242318e+04 
       2.224289025271e-02       2.956079032482e+04 
       2.237175232311e-02       2.948567192781e+04 
       2.250071859821e-02       2.940985433340e+04 
       2.262979123224e-02       2.933308985260e+04 
       2.275897243165e-02       2.925555765519e+04 
       2.288826445635e-02       2.917721550091e+04 
       2.301766962110e-02       2.909811927681e+04 
       2.314719029689e-02       2.901821974087e+04 
       2.327682891234e-02       2.893765813683e+04 
       2.340658795522e-02       2.885643963286e+04 
       2.353646997393e-02       2.877454381286e+04 
       2.366647757910e-02       2.869195278416e+04 
       2.379661344521e-02       2.860871678049e+04 
       2.392688031224e-02       2.852480841366e+04 
       2.405728098747e-02       2.844021458859e+04 
       2.418781834717e-02       2.835509777655e+04 
       2.431849533854e-02       2.826937637597e+04 
       2.444931498157e-02       2.818317784533e+04 
       2.458028037101e-02       2.809628671204e+04 
       2.471139467843e-02       2.800903024911e+04 
       2.484266115434e-02       2.792114257815e+04 
       2.497408313032e-02       2.783273674482e+04 
       2.510566402132e-02       2.774377746508e+04 
       2.523740732798e-02       2.765441380762e+04 
       2.536931663903e-02       2.756458015478e+04 
       2.550139563382e-02       2.747430890023e+04 
       2.563364808484e-02       2.738370228484e+04 
       2.576607786046e-02       2.729246601135e+04 
       2.589868892768e-02       2.720113535641e+04 
       2.603148535496e-02       2.710904299492e+04 
       2.616447131525e-02       2.701684966744e+04 
       2.629765108904e-02       2.692418138182e+04 
       2.643102906753e-02       2.683110584226e+04 
       2.656460975597e-02       2.673775275194e+04 
       2.669839777708e-02       2.664406478706e+04 
       2.683239787459e-02       2.655008086307e+04 
       2.696661491696e-02       2.645587450318e+04 
       2.710105390117e-02       2.636123379899e+04 
       2.723571995674e-02       2.626649498675e+04 
       2.737061834981e-02       2.617137947683e+04 
       2.750575448744e-02       2.607600542647e+04 
       2.764113392209e-02       2.598036048004e+04 
       2.777676235620e-02       2.588451721504e+04 
       2.791264564702e-02       2.578842684432e+04 
       2.804878981161e-02       2.569230873271e+04 
       2.818520103204e-02       2.559586191446e+04 
       2.832188566076e-02       2.549923867626e+04 
       2.845885022631e-02       2.540242551956e+04 
       2.859610143908e-02       2.530540209402e+04 
       2.873364619748e-02       2.520827402885e+04 
       2.887149159429e-02       2.511099270970e+04 
       2.900964492322e-02       2.501366585739e+04 
       2.914811368590e-02       2.491604516886e+04 
       2.928690559902e-02       2.481851985728e+04 
       2.942602860186e-02       2.472073954297e+04 
       2.956549086412e-02       2.462287154296e+04 
       2.970530079409e-02       2.452489116874e+04 
       2.984546704721e-02       2.442683533710e+04 
       2.998599853497e-02       2.432878706911e+04 
       3.012690443426e-02       2.423057827829e+04 
       3.026819419710e-02       2.413246018202e+04 
       3.040987756082e-02       2.403415762602e+04 
       3.055196455877e-02       2.393584468014e+04 
       3.069446553144e-02       2.383746458952e+04 
       3.083739113820e-02       2.373907875473e+04 
       3.098075236950e-02       2.364066643831e+04 
       3.112456055973e-02       2.354226309108e+04 
       3.126882740071e-02       2.344385784117e+04 
       3.141356495575e-02       2.334543190968e+04 
       3.155878567452e-02       2.324709232077e+04 
       3.170450240861e-02       2.314866684041e+04 
       3.185072842783e-02       2.305023661836e+04 
       3.199747743745e-02       2.295186504723e+04 
       3.214476359623e-02       2.285350217910e+04 
       3.229260153542e-02       2.275515704042e+04 
       3.244100637881e-02       2.265697929731e+04 
       3.258999376375e-02       2.255880735656e+04 
       3.273957986336e-02       2.246049174222e+04 
       3.288978140996e-02       2.236236635621e+04 
       3.304061571975e-02       2.226432715501e+04 
       3.319210071885e-02       2.216629913373e+04 
       3.334425497084e-02       2.206829416405e+04 
       3.349709770584e-02       2.197049503579e+04 
       3.365064885125e-02       2.187266392222e+04 
       3.380492906431e-02       2.177478021462e+04 
       3.395995976648e-02       2.167713407028e+04 
       3.411576317999e-02       2.157951367901e+04 
       3.427236236650e-02       2.148197727504e+04 
       3.442978126809e-02       2.138451268548e+04 
       3.458804475084e-02       2.128712885213e+04 
       3.474717865108e-02       2.118978437274e+04 
       3.490720982455e-02       2.109257105225e+04 
       3.506816619873e-02       2.099549173006e+04 
       3.523007682849e-02       2.089844517121e+04 
       3.539297195542e-02       2.080142891596e+04 
       3.555688307112e-02       2.070462266460e+04 
       3.572184298463e-02       2.060792101930e+04 
       3.588788589457e-02       2.051112927230e+04 
       3.605504746615e-02       2.041457633832e+04 
       3.622336491361e-02       2.031812842117e+04 
       3.639287708845e-02       2.022156963858e+04 
       3.656362457404e-02       2.012526958472e+04 
       3.673564978707e-02       2.002904882379e+04 
       3.690899708648e-02       1.993287098271e+04 
       3.708371289055e-02       1.983669811338e+04 
       3.725984580290e-02       1.974069988679e+04 
       3.743744674815e-02       1.964477906746e+04 
       3.761656911821e-02       1.954897238923e+04 
       3.779726893013e-02       1.945302916998e+04 
       3.797960499676e-02       1.935734764282e+04 
       3.816363911128e-02       1.926165812030e+04 
       3.834943624708e-02       1.916603167769e+04 
       3.853706477458e-02       1.907044235468e+04 
       3.872659669653e-02       1.897489721002e+04 
       3.891810790398e-02       1.887932581907e+04 
       3.911167845479e-02       1.878390623200e+04 
       3.930739287740e-02       1.868838930975e+04 
       3.950534050234e-02       1.859302456717e+04 
       3.970561582476e-02       1.849760744272e+04 
       3.990831890138e-02       1.840218266277e+04 
       4.011355578580e-02       1.830674196342e+04 
       4.032143900672e-02       1.821127850315e+04 
       4.053208809411e-02       1.811577176151e+04 
       4.074563015923e-02       1.802028263126e+04 
       4.096220053497e-02       1.792471781985e+04 
       4.118194348439e-02       1.782908301611e+04 
       4.140501298594e-02       1.773335955314e+04 
       4.163157360554e-02       1.763749660406e+04 
       4.186180146709e-02       1.754162561999e+04 
       4.209588533489e-02       1.744568038842e+04 
       4.233402782341e-02       1.734937147808e+04 
       4.257644675264e-02       1.725306693463e+04 
       4.282337667010e-02       1.715653828715e+04 
       4.307507056429e-02       1.705980619535e+04 
       4.333180179852e-02       1.696279187962e+04 
       4.359386629955e-02       1.686560782804e+04 
       4.386158504121e-02       1.676813834744e+04 
       4.413530687126e-02       1.667033165026e+04 
       4.441541173831e-02       1.657216344068e+04 
       4.470231438732e-02       1.647368109512e+04 
       4.499646860526e-02       1.637474368386e+04 
       4.529837211566e-02       1.627536478763e+04 
       4.560857224110e-02       1.617549646381e+04 
       4.592767247825e-02       1.607499090356e+04 
       4.625634016185e-02       1.597400011314e+04 
       4.659531543350e-02       1.587232890165e+04 
       4.694542178077e-02       1.576989148065e+04 
       4.730757847439e-02       1.566667136567e+04 
       4.768281531055e-02       1.556262036921e+04 
       4.807229016462e-02       1.545747649408e+04 
       4.847730999025e-02       1.535131023921e+04 
       4.889935605909e-02       1.524396491290e+04 
       4.934011444291e-02       1.513524585684e+04 
       4.980151300247e-02       1.502504478437e+04 
       5.028576648100e-02       1.491315375879e+04 
       5.079543172049e-02       1.479932541225e+04 
       5.133347554157e-02       1.468334839694e+04 
       5.190335846157e-02       1.456494437456e+04 
       5.250913816182e-02       1.444363259206e+04 
       5.315559739997e-02       1.431895723086e+04 
       5.384840174606e-02       1.419033402871e+04 
       5.459429275101e-02       1.405700901619e+04 
       5.540132118813e-02       1.391802490788e+04 
       5.627912134401e-02       1.377212225290e+04 
       5.723921812462e-02       1.361754395433e+04 
       5.829533888791e-02       1.345210292318e+04 
       5.946366316084e-02       1.327279966800e+04 
       6.076287477250e-02       1.307548524881e+04 
       6.221377477332e-02       1.285477885362e+04 
       6.383808653706e-02       1.260379782668e+04 
       6.565602496941e-02       1.231404000440e+04 
       6.768242463036e-02       1.197621632831e+04 
       6.992200317225e-02       1.158195231600e+04 
       7.236559228078e-02       1.112644265848e+04 
       7.498984568261e-02       1.061202675537e+04 
       7.776155275890e-02       1.004958692485e+04 
       8.064469471418e-02       9.457738713504e+03 
       8.360672489059e-02       8.859809694422e+03 
       8.662184939970e-02       8.279563691281e+03 
       8.967143568363e-02       7.737726774382e+03 
       9.274284782583e-02       7.249661859690e+03 
       9.582786511770e-02       6.824438294396e+03 
       9.892127945262e-02       6.465032577007e+03 
       1.020198457548e-01       6.169024229125e+03 
       1.051215627200e-01       5.929688185953e+03 
       1.082252037712e-01       5.737285036502e+03 
       1.113300199271e-01       5.580122944107e+03 
       1.144355547896e-01       5.445684696100e+03 
       1.175415305295e-01       5.321879411307e+03 
       1.206477780580e-01       5.197896695247e+03 
       1.237541944217e-01       5.065209107622e+03 
       1.268607168638e-01       4.918282463865e+03 
       1.299673070550e-01       4.754644794622e+03 
       1.330739415121e-01       4.575036734775e+03 
       1.361806057802e-01       4.382859308398e+03 
       1.392872908993e-01       4.183305977853e+03 
       1.423939912590e-01       3.982614176958e+03 
       1.455007032953e-01       3.787076256661e+03 
       1.486074246983e-01       3.602358748367e+03 
       1.517141539308e-01       3.433007624317e+03 
       1.548208899347e-01       3.282023397226e+03 
       1.579276319521e-01       3.150837504292e+03 
       1.610343794161e-01       3.039298681763e+03 
       1.641411318831e-01       2.945929350641e+03 
       1.672478889920e-01       2.868154019258e+03 
       1.703546504380e-01       2.802656430559e+03 
       1.734614159563e-01       2.745755769228e+03 
       1.765681853122e-01       2.693751545887e+03 
       1.796749582939e-01       2.643820117050e+03 
       1.827817347084e-01       2.592150030478e+03 
       1.858885143781e-01       2.536447332578e+03 
       1.889952971387e-01       2.475346450534e+03 
       1.921020828376e-01       2.408475007750e+03 
       1.952088713323e-01       2.336460249469e+03 
       1.983156624901e-01       2.260742561148e+03 
       2.014224561863e-01       2.183156884518e+03 
       2.045292523042e-01       2.105775510249e+03 
       2.076360507342e-01       2.030503588933e+03 
       2.107428513731e-01       1.958951114331e+03 
       2.138496541241e-01       1.892365064526e+03 
       2.169564588956e-01       1.831568355881e+03 
       2.200632656016e-01       1.776965152205e+03 
       2.231700741606e-01       1.728598246147e+03 
       2.262768844957e-01       1.686087803215e+03 
       2.293836965344e-01       1.648751832740e+03 
       2.324905102078e-01       1.615573558038e+03 
       2.355973254510e-01       1.585432756756e+03 
       2.387041422021e-01       1.557079940148e+03 
       2.418109604027e-01       1.529411844268e+03 
       2.449177799973e-01       1.501479037323e+03 
       2.480246009332e-01       1.472612555433e+03 
       2.511314231603e-01       1.442428483553e+03 
       2.542382466309e-01       1.410790231956e+03 
       2.573450712998e-01       1.377782190701e+03 
       2.604518971239e-01       1.343725626160e+03 
       2.635587240619e-01       1.309057388022e+03 
       2.666655520749e-01       1.274345256627e+03 
       2.697723811254e-01       1.240212327823e+03 
       2.728792111777e-01       1.207251607172e+03 
       2.759860421979e-01       1.175976638497e+03 
       2.790928741535e-01       1.146745607425e+03 
       2.821997070134e-01       1.119715551064e+03 
       2.853065407479e-01       1.094894885930e+03 
       2.884133753286e-01       1.072129082972e+03 
       2.915202107282e-01       1.051187538952e+03 
       2.946270469208e-01       1.031762631558e+03 
       2.977338838814e-01       1.013511469420e+03 
       3.008407215861e-01       9.960946435278e+02 
       3.039475600119e-01       9.791930425055e+02 
       3.070543991368e-01       9.624818193867e+02 
       3.101612389398e-01       9.457142055875e+02 
       3.132680794005e-01       9.287177608600e+02 
       3.163749204995e-01       9.114017476828e+02 
       3.194817622181e-01       8.937786156342e+02 
       3.225886045383e-01       8.759522930463e+02 
       3.256954474428e-01       8.580656324020e+02 
       3.288022909149e-01       8.402910470007e+02 
       3.319091349386e-01       8.227979999605e+02 
       3.350159794986e-01       8.057503892736e+02 
       3.381228245799e-01       7.892715204106e+02 
       3.412296701683e-01       7.734724407256e+02 
       3.443365162499e-01       7.584261558994e+02 
       3.474433628116e-01       7.441678898763e+02 
       3.505502098404e-01       7.307090801287e+02 
       3.536570573240e-01       7.179862465104e+02 
       3.567639052504e-01       7.059114584775e+02 
       3.598707536082e-01       6.943677657249e+02 
       3.629776023863e-01       6.832233795749e+02 
       3.660844515738e-01       6.723614723959e+02 
       3.691913011604e-01       6.616862967587e+02 
       3.722981511361e-01       6.511232029164e+02 
       3.754050014911e-01       6.406400478487e+02 
       3.785118522162e-01       6.302032700994e+02 
       3.816187033021e-01       6.198024953760e+02 
       3.847255547402e-01       6.094410492900e+02 
       3.878324065219e-01       5.991396975531e+02 
       3.909392586390e-01       5.889287444107e+02 
       3.940461110836e-01       5.788598901602e+02 
       3.971529638479e-01       5.689883468807e+02 
       4.002598169245e-01       5.593643316056e+02 
       4.033666703061e-01       5.500146742050e+02 
       4.064735239857e-01       5.409678970907e+02 
       4.095803779564e-01       5.322233320044e+02 
       4.126872322118e-01       5.237708776882e+02 
       4.157940867453e-01       5.156022016983e+02 
       4.189009415509e-01       5.077056237687e+02 
       4.220077966223e-01       5.000599845262e+02 
       4.251146519539e-01       4.926469814515e+02 
       4.282215075398e-01       4.854403808969e+02 
       4.313283633747e-01       4.784042772973e+02 
       4.344352194531e-01       4.714993958777e+02 
       4.375420757698e-01       4.647015236842e+02 
       4.406489323197e-01       4.579907202309e+02 
       4.437557890981e-01       4.513481309001e+02 
       4.468626461000e-01       4.447808161929e+02 
       4.499695033208e-01       4.382859114235e+02 
       4.530763607560e-01       4.318767913826e+02 
       4.561832184013e-01       4.255547835914e+02 
       4.592900762523e-01       4.193294231731e+02 
       4.623969343048e-01       4.132064473045e+02 
       4.655037925549e-01       4.072020772138e+02 
       4.686106509986e-01       4.013280211316e+02 
       4.717175096320e-01       3.955966933457e+02 
       4.748243684514e-01       3.900205237214e+02 
       4.779312274532e-01       3.845994391192e+02 
       4.810380866338e-01       3.793263811312e+02 
       4.841449459898e-01       3.741900055779e+02 
       4.872518055177e-01       3.691718332064e+02 
       4.903586652145e-01       3.642606133230e+02 
       4.934655250767e-01       3.594466151524e+02 
       4.965723851013e-01       3.547210504523e+02 
       4.996792452854e-01       3.500786615049e+02 
       5.027861056258e-01       3.455156063372e+02 
       5.058929661198e-01       3.410156379437e+02 
       5.089998267644e-01       3.365780107514e+02 
       5.121066875570e-01       3.321951846537e+02 
       5.152135484949e-01       3.278681186298e+02 
       5.183204095754e-01       3.236026789407e+02 
       5.214272707960e-01       3.194057882685e+02 
       5.245341321542e-01       3.152818377993e+02 
       5.276409936475e-01       3.112393045410e+02 
       5.307478552736e-01       3.072721188087e+02 
       5.338547170302e-01       3.033814615620e+02 
       5.369615789149e-01       2.995630350145e+02 
       5.400684409256e-01       2.958146058187e+02 
       5.431753030601e-01       2.921422890353e+02 
       5.462821653162e-01       2.885411444255e+02 
       5.493890276920e-01       2.850130946942e+02 
       5.524958901853e-01       2.815560498608e+02 
       5.556027527943e-01       2.781625907344e+02 
       5.587096155169e-01       2.748294459551e+02 
       5.618164783513e-01       2.715470647751e+02 
       5.649233412956e-01       2.683140921368e+02 
       5.680302043480e-01       2.651298992639e+02 
       5.711370675068e-01       2.619950968615e+02 
       5.742439307702e-01       2.589112985339e+02 
       5.773507941365e-01       2.558751123805e+02 
       5.804576576041e-01       2.528847073977e+02 
       5.835645211713e-01       2.499371336549e+02 
       5.866713848366e-01       2.470310980781e+02 
       5.897782485984e-01       2.441667735240e+02 
       5.928851124552e-01       2.413466804892e+02 
       5.959919764054e-01       2.385709552425e+02 
       5.990988404477e-01       2.358466126998e+02 
       6.022057045807e-01       2.331707646784e+02 
       6.053125688028e-01       2.305415024130e+02 
       6.084194331128e-01       2.279548850565e+02 
       6.115262975092e-01       2.254081793007e+02 
       6.146331619909e-01       2.229015690827e+02 
       6.177400265564e-01       2.204347620014e+02 
       6.208468912046e-01       2.180083622301e+02 
       6.239537559341e-01       2.156225109918e+02 
       6.270606207439e-01       2.132749256221e+02 
       6.301674856326e-01       2.109627530682e+02 
       6.332743505992e-01       2.086843643659e+02 
       6.363812156424e-01       2.064346987907e+02 
       6.394880807612e-01       2.042167774262e+02 
       6.425949459545e-01       2.020291662574e+02 
       6.457018112212e-01       1.998718662503e+02 
       6.488086765602e-01       1.977505412490e+02 
       6.519155419705e-01       1.956610192981e+02 
       6.550224074510e-01       1.936019933551e+02 
       6.581292730009e-01       1.915717775348e+02 
       6.612361386190e-01       1.895690282840e+02 
       6.643430043045e-01       1.875941161520e+02 
       6.674498700564e-01       1.856479453266e+02 
       6.705567358737e-01       1.837317693851e+02 
       6.736636017557e-01       1.818460676401e+02 
       6.767704677013e-01       1.799892039910e+02 
       6.798773337096e-01       1.781601900417e+02 
       6.829841997800e-01       1.763558491734e+02 
       6.860910659114e-01       1.745757518835e+02 
       6.891979321031e-01       1.728194568713e+02 
       6.923047983542e-01       1.710874832761e+02 
       6.954116646641e-01       1.693800592774e+02 
       6.985185310317e-01       1.676981420569e+02 
       7.016253974565e-01       1.660403612037e+02 
       7.047322639376e-01       1.644054521586e+02 
       7.078391304744e-01       1.627908165942e+02 
       7.109459970660e-01       1.611963751862e+02 
       7.140528637117e-01       1.596219569520e+02 
       7.171597304109e-01       1.580689530819e+02 
       7.202665971629e-01       1.565377758861e+02 
       7.233734639669e-01       1.550293297384e+02 
       7.264803308223e-01       1.535411214422e+02 
       7.295871977285e-01       1.520736565062e+02 
       7.606024550492e-01       1.384267889175e+02 
       7.935505890014e-01       1.257230175209e+02 
       8.285331204153e-01       1.139480226898e+02 
       8.656342225876e-01       1.030644416448e+02 
       9.049200648649e-01       9.305798732205e+01 
       9.464417200649e-01       8.388627456722e+01 
       9.902411038044e-01       7.551832098933e+01 
       1.036358420089e+00       6.790708378323e+01 
       1.084839257004e+00       6.100384593982e+01 
       1.135739912244e+00       5.475786433149e+01 
       1.189130376698e+00       4.911864699924e+01 
       1.245095186946e+00       4.403398498031e+01 
       1.303732795083e+00       3.945216107555e+01 
       1.365154184527e+00       3.532834564548e+01 
       1.429481317647e+00       3.161964846838e+01 
       1.496845781641e+00       2.828682903284e+01 
       1.567387798370e+00       2.529174450042e+01 
       1.641255622387e+00       2.260239135932e+01 
       1.718605273230e+00       2.018879990398e+01 
       1.799600519739e+00       1.802342186870e+01 
       1.884413037035e+00       1.608227176548e+01 
       1.973222674048e+00       1.434203627760e+01 
       2.066217789740e+00       1.278311464665e+01 
       2.163595633064e+00       1.138758657583e+01 
       2.265562753552e+00       1.013831044260e+01 
       2.372335436584e+00       9.020496015709e+00 
       2.484140161187e+00       8.020639276188e+00 
       2.601214080136e+00       7.127294891085e+00 
       2.723805522902e+00       6.329089469783e+00 
       2.852174522369e+00       5.616036204731e+00 
       2.986593366396e+00       4.979627188062e+00 
       3.127347175373e+00       4.411969116178e+00 
       3.274734506999e+00       3.905575592754e+00 
       3.429067989566e+00       3.454383793147e+00 
       3.590674985082e+00       3.052169828138e+00 
       3.759898283652e+00       2.694209985956e+00 
       3.937096830579e+00       2.375508178469e+00 
       4.122646487740e+00       2.091996985466e+00 
       4.316940830835e+00       1.840144114783e+00 
       4.520391984213e+00       1.616315260793e+00 
       4.733431495050e+00       1.417697951717e+00 
       4.956511248710e+00       1.241426074968e+00 
       5.190104427260e+00       1.085172386907e+00 
       5.434706513149e+00       9.467654151980e-01 
       5.690836340197e+00       8.243642230789e-01 
       5.959037194106e+00       7.161044584872e-01 
       6.239877964845e+00       6.205629780322e-01 
       6.533954353343e+00       5.362807167084e-01 
       6.841890135047e+00       4.620778388798e-01 
       7.164338483036e+00       3.968166961339e-01 
       7.501983353486e+00       3.395185193497e-01 
       7.855540936438e+00       2.892885845570e-01 
       8.225761174927e+00       2.454275700231e-01 
       8.613429355715e+00       2.071464935387e-01 
       9.019367774988e+00       1.738536706970e-01 
       9.444437482561e+00       1.449894141031e-01 
       9.889540108271e+00       1.200562967982e-01 
       1.035561977447e+01       9.862838095099e-02 
       1.084366509860e+01       8.026362510153e-02 
       1.135471129025e+01       6.465471484799e-02 
       1.188984234690e+01       5.144857116696e-02 
       1.245019335326e+01       4.036548014486e-02 
       1.303695288895e+01       3.116369432450e-02 
       1.365136554962e+01       2.358551134750e-02 
       1.429473458688e+01       1.744013995063e-02 
       1.496842467274e+01       1.253219004771e-02 
       1.567386479417e+01       8.689242686387e-03 
       1.641255128427e+01       5.750750530344e-03 
       1.718605099610e+01       3.574360824371e-03 
       1.799600462628e+01       2.034860190324e-03 
       1.884413019503e+01       1.008878311254e-03 
       1.973222669041e+01       3.903725035573e-04 
       2.066217788414e+01       8.320149237939e-05 
       2.163595632739e+01       2.548999815021e-08 
       2.265562753479e+01       6.524338524523e-05 
       2.372335436568e+01       2.140846601728e-04 
       2.484140161184e+01       3.933124647231e-04 
       2.601214080135e+01       5.607539758478e-04 
       2.723805522901e+01       6.867483776729e-04 
       2.852174522369e+01       7.535156332362e-04 
       2.986593366396e+01       7.546931943664e-04 
       3.127347175373e+01       6.944081549025e-04 
       3.274734506999e+01       5.854956180612e-04 
       3.429067989566e+01       4.470118052055e-04 
       3.590674985082e+01       3.012688939020e-04 
       3.759898283652e+01       1.699127538142e-04 
       3.937096830579e+01       7.060053426392e-05 
       4.122646487740e+01       1.379377033447e-05 
       4.316940830835e+01       5.894359989153e-07 
       4.520391984213e+01       2.273824992991e-05 
       4.733431495050e+01       6.436331911998e-05 
       4.956511248710e+01       1.062339559313e-04 
       5.190104427260e+01       1.309755723677e-04 
       5.434706513149e+01       1.286435946567e-04 
       5.690836340197e+01       1.002411248917e-04 
       5.959037194106e+01       5.760397396649e-05 
       6.239877964845e+01       1.887739839349e-05 
       6.533954353343e+01       4.609271661552e-07 
       6.841890135047e+01       8.510767955701e-06 
       7.164338483036e+01       3.482462017441e-05 
       7.501983353486e+01       6.033698116620e-05 
       7.855540936438e+01       6.633389503414e-05 
       8.225761174927e+01       4.757510710672e-05 
       8.613429355715e+01       1.773574075885e-05 
       9.019367774988e+01       3.862629501831e-07 
       9.444437482561e+01       9.228429860119e-06 
       9.889540108271e+01       3.360138649391e-05 
       1.035561977447e+02       4.627636156715e-05 
       1.084366509860e+02       3.170421490763e-05 
       1.135471129025e+02       6.460029793080e-06 
       1.188984234690e+02       2.096924802090e-06 
       1.245019335326e+02       2.295511617014e-05 
       1.303695288895e+02       3.580755032968e-05 
