# Matter power spectrum P(k) at redshift z=0
# for k=1.00946e-05 to 124.492 h/Mpc,
# number of wavenumbers equal to 713
#    1:k (h/Mpc)              2:P (Mpc/h)^3        
       1.009462240743e-05       6.421828799160e+01 
       2.254505961125e-05       1.405340558982e+02 
       3.503639398545e-05       2.148503402616e+02 
       4.760002062644e-05       2.884479009046e+02 
       6.026781993044e-05       3.618755678674e+02 
       7.307242324431e-05       4.354857647865e+02 
       8.604748647405e-05       5.095542094036e+02 
       9.922797506845e-05       5.843256189172e+02 
       1.126504638230e-04       6.600163705074e+02 
       1.263534549787e-04       7.369008087680e+02 
       1.403777181064e-04       8.152320514335e+02 
       1.547666552383e-04       8.952521116304e+02 
       1.695666946080e-04       9.772311632500e+02 
       1.848277161308e-04       1.061435698843e+03 
       2.006035113408e-04       1.148150147729e+03 
       2.169522798142e-04       1.237679547207e+03 
       2.339371630338e-04       1.330364226781e+03 
       2.516268150538e-04       1.426546424524e+03 
       2.700960070185e-04       1.526618735583e+03 
       2.894262593624e-04       1.630975515148e+03 
       3.097064911117e-04       1.740072750891e+03 
       3.310336698328e-04       1.854382012398e+03 
       3.535134381426e-04       1.974425386972e+03 
       3.772606830569e-04       2.100753465829e+03 
       4.024000026768e-04       2.233964403120e+03 
       4.290660109132e-04       2.374690474565e+03 
       4.574034056474e-04       2.523607177724e+03 
       4.875667101125e-04       2.681421487752e+03 
       5.197195834170e-04       2.848869706711e+03 
       5.540335872574e-04       3.026707261800e+03 
       5.906862964197e-04       3.215696796666e+03 
       6.298586561349e-04       3.416590536139e+03 
       6.717315254505e-04       3.630111570375e+03 
       7.164814070611e-04       3.856927942657e+03 
       7.642754516026e-04       4.097627254688e+03 
       8.152659333972e-04       4.352688102260e+03 
       8.695845120546e-04       4.622448898535e+03 
       9.273366989552e-04       4.907086141875e+03 
       9.885970128911e-04       5.206589737574e+03 
       1.053405309852e-03       5.520751318697e+03 
       1.121764693252e-03       5.849159989389e+03 
       1.193641256173e-03       6.191211769698e+03 
       1.268965700769e-03       6.546120341109e+03 
       1.347636662007e-03       6.912913129498e+03 
       1.429525377859e-03       7.290546447192e+03 
       1.514481230526e-03       7.677887058322e+03 
       1.602337648742e-03       8.073736847459e+03 
       1.692917903541e-03       8.476879169638e+03 
       1.786040426791e-03       8.886105554746e+03 
       1.881523404750e-03       9.300244016957e+03 
       1.979188521292e-03       9.718173406312e+03 
       2.078863828915e-03       1.013883860591e+04 
       2.180385801262e-03       1.056126213861e+04 
       2.283600667431e-03       1.098453967444e+04 
       2.388365150148e-03       1.140785507062e+04 
       2.494546733058e-03       1.183046838365e+04 
       2.602023573595e-03       1.225171326118e+04 
       2.710684162595e-03       1.267099633510e+04 
       2.820426814059e-03       1.308779412643e+04 
       2.931159050965e-03       1.350163981793e+04 
       3.042796937197e-03       1.391213915349e+04 
       3.155264392250e-03       1.431892620677e+04 
       3.268492514502e-03       1.472168766636e+04 
       3.382418930307e-03       1.512016822013e+04 
       3.496987179726e-03       1.551412601566e+04 
       3.612146144974e-03       1.590336551959e+04 
       3.727849524222e-03       1.628771595437e+04 
       3.844055351094e-03       1.666703112057e+04 
       3.960725558586e-03       1.704119792233e+04 
       4.077825585161e-03       1.741010618426e+04 
       4.195324020231e-03       1.777368428106e+04 
       4.313192285913e-03       1.813185193664e+04 
       4.431404351909e-03       1.848457377760e+04 
       4.549936480402e-03       1.883179996025e+04 
       4.668766998006e-03       1.917350143416e+04 
       4.787876091995e-03       1.950965121038e+04 
       4.907245628250e-03       1.984028028518e+04 
       5.026858988601e-03       2.016536527622e+04 
       5.146700925436e-03       2.048491730331e+04 
       5.266757431696e-03       2.079894925954e+04 
       5.387015624539e-03       2.110747599993e+04 
       5.507463641157e-03       2.141052614600e+04 
       5.628090545409e-03       2.170812867326e+04 
       5.748886244053e-03       2.200029882917e+04 
       5.869841411523e-03       2.228707999113e+04 
       5.990947422313e-03       2.256851636528e+04 
       6.112196290122e-03       2.284463403531e+04 
       6.233580613033e-03       2.311547918223e+04 
       6.355093524064e-03       2.338109217828e+04 
       6.476728646525e-03       2.364150878216e+04 
       6.598480053652e-03       2.389678767991e+04 
       6.720342232080e-03       2.414698690687e+04 
       6.842310048746e-03       2.439211305472e+04 
       6.964378720865e-03       2.463226232207e+04 
       7.086543788662e-03       2.486745519201e+04 
       7.208801090585e-03       2.509772514775e+04 
       7.331146740743e-03       2.532316778933e+04 
       7.453577108344e-03       2.554386713114e+04 
       7.576088798944e-03       2.575975906695e+04 
       7.698678637324e-03       2.597094307703e+04 
       7.821343651836e-03       2.617748397828e+04 
       7.944081060080e-03       2.637941764864e+04 
       8.066888255784e-03       2.657680707185e+04 
       8.189762796781e-03       2.676969935334e+04 
       8.312702393963e-03       2.695813745436e+04 
       8.435704901149e-03       2.714216699562e+04 
       8.558768305756e-03       2.732184730270e+04 
       8.681890720227e-03       2.749721496128e+04 
       8.805070374121e-03       2.766833078064e+04 
       8.928305606838e-03       2.783523922998e+04 
       9.051594860891e-03       2.799797722438e+04 
       9.174936675710e-03       2.815661356797e+04 
       9.298329681906e-03       2.831118662429e+04 
       9.421772595969e-03       2.846174174162e+04 
       9.545264215367e-03       2.860833476127e+04 
       9.668803414005e-03       2.875099936585e+04 
       9.792389138016e-03       2.888978368634e+04 
       9.916020401862e-03       2.902473436147e+04 
       1.003969628471e-02       2.915589461669e+04 
       1.016341592710e-02       2.928330287248e+04 
       1.028717852779e-02       2.940700910875e+04 
       1.041098334087e-02       2.952705601182e+04 
       1.053482967311e-02       2.964349898286e+04 
       1.065871688139e-02       2.975637194231e+04 
       1.078264437043e-02       2.986571949129e+04 
       1.090661159061e-02       2.997158830728e+04 
       1.103061803593e-02       3.007401369168e+04 
       1.115466324216e-02       3.017303602360e+04 
       1.127874678510e-02       3.026869788300e+04 
       1.140286827892e-02       3.036103809157e+04 
       1.152702737470e-02       3.045009386843e+04 
       1.165122375897e-02       3.053591216266e+04 
       1.177545715243e-02       3.061852854611e+04 
       1.189972730874e-02       3.069798520903e+04 
       1.202403401335e-02       3.077431558125e+04 
       1.214837708248e-02       3.084756377487e+04 
       1.227275636211e-02       3.091776715968e+04 
       1.239717172709e-02       3.098495640107e+04 
       1.252162308031e-02       3.104918299468e+04 
       1.264611035186e-02       3.111036511108e+04 
       1.277063349839e-02       3.116875219909e+04 
       1.289519250234e-02       3.122427351459e+04 
       1.301978737141e-02       3.127686519095e+04 
       1.314441813793e-02       3.132675826463e+04 
       1.326908485837e-02       3.137388946840e+04 
       1.339378761283e-02       3.141830658916e+04 
       1.351852650461e-02       3.146005526213e+04 
       1.364330165981e-02       3.149918760968e+04 
       1.376811322698e-02       3.153556535222e+04 
       1.389296137675e-02       3.156931682315e+04 
       1.401784630156e-02       3.160064688403e+04 
       1.414276821540e-02       3.162952351192e+04 
       1.426772735353e-02       3.165590601588e+04 
       1.439272397235e-02       3.167973527481e+04 
       1.451775834915e-02       3.170121471389e+04 
       1.464283078199e-02       3.172034490991e+04 
       1.476794158957e-02       3.173708543399e+04 
       1.489309111111e-02       3.175134092005e+04 
       1.501827970632e-02       3.176346184077e+04 
       1.514350775529e-02       3.177336741555e+04 
       1.526877565847e-02       3.178097233505e+04 
       1.539408383668e-02       3.178636537978e+04 
       1.551943273109e-02       3.178952639891e+04 
       1.564482280329e-02       3.179061976021e+04 
       1.577025453526e-02       3.178962587705e+04 
       1.589572842955e-02       3.178648570568e+04 
       1.602124500924e-02       3.178133893386e+04 
       1.614680481816e-02       3.177412434765e+04 
       1.627240842093e-02       3.176487508529e+04 
       1.639805640313e-02       3.175372104681e+04 
       1.652374937146e-02       3.174080403289e+04 
       1.664948795394e-02       3.172578939780e+04 
       1.677527280002e-02       3.170872551611e+04 
       1.690110458088e-02       3.169014513039e+04 
       1.702698398961e-02       3.166962485149e+04 
       1.715291174144e-02       3.164729319329e+04 
       1.727888857404e-02       3.162318877728e+04 
       1.740491524776e-02       3.159730770716e+04 
       1.753099254592e-02       3.156960327673e+04 
       1.765712127514e-02       3.154042756691e+04 
       1.778330226564e-02       3.150940537653e+04 
       1.790953637162e-02       3.147695788470e+04 
       1.803582447156e-02       3.144274488045e+04 
       1.816216746862e-02       3.140694848035e+04 
       1.828856629106e-02       3.136956305221e+04 
       1.841502189259e-02       3.133062562841e+04 
       1.854153525284e-02       3.129023689566e+04 
       1.866810737779e-02       3.124847986066e+04 
       1.879473930021e-02       3.120512142092e+04 
       1.892143208017e-02       3.116021003935e+04 
       1.904818680551e-02       3.111411490284e+04 
       1.917500459235e-02       3.106645112262e+04 
       1.930188658565e-02       3.101750068288e+04 
       1.942883395974e-02       3.096733388821e+04 
       1.955584791890e-02       3.091570935691e+04 
       1.968292969794e-02       3.086278596651e+04 
       1.981008056283e-02       3.080850716044e+04 
       1.993730181131e-02       3.075307586925e+04 
       2.006459477357e-02       3.069641721870e+04 
       2.019196081288e-02       3.063863460028e+04 
       2.031940132634e-02       3.057951133297e+04 
       2.044691774556e-02       3.051942208069e+04 
       2.057451153743e-02       3.045803865315e+04 
       2.070218420485e-02       3.039562189905e+04 
       2.082993728758e-02       3.033204682928e+04 
       2.095777236299e-02       3.026732227464e+04 
       2.108569104696e-02       3.020163572126e+04 
       2.121369499470e-02       3.013492195546e+04 
       2.134178590168e-02       3.006720745448e+04 
       2.146996550456e-02       2.999858724950e+04 
       2.159823558209e-02       2.992882260914e+04 
       2.172659795618e-02       2.985828178565e+04 
       2.185505449283e-02       2.978670134888e+04 
       2.198360710323e-02       2.971413123641e+04 
       2.211225774483e-02       2.964076416068e+04 
       2.224100842244e-02       2.956651982442e+04 
       2.236986118938e-02       2.949141951415e+04 
       2.249881814868e-02       2.941562345338e+04 
       2.262788145429e-02       2.933887412771e+04 
       2.275705331236e-02       2.926135623904e+04 
       2.288633598249e-02       2.918303685580e+04 
       2.301573177914e-02       2.910394956919e+04 
       2.314524307298e-02       2.902407149368e+04 
       2.327487229231e-02       2.894352822330e+04 
       2.340462192455e-02       2.886231986228e+04 
       2.353449451777e-02       2.878043918456e+04 
       2.366449268225e-02       2.869786274130e+04 
       2.379461909211e-02       2.861464143665e+04 
       2.392487648698e-02       2.853074819987e+04 
       2.405526767372e-02       2.844617599208e+04 
       2.418579552827e-02       2.836106489743e+04 
       2.431646299740e-02       2.827535223664e+04 
       2.444727310069e-02       2.818916799356e+04 
       2.457822893250e-02       2.810229057533e+04 
       2.470933366396e-02       2.801504163969e+04 
       2.484059054514e-02       2.792716808026e+04 
       2.497200290717e-02       2.783877375461e+04 
       2.510357416456e-02       2.774982327413e+04 
       2.523530781746e-02       2.766047058621e+04 
       2.536720745413e-02       2.757064224522e+04 
       2.549927675340e-02       2.748038400160e+04 
       2.563151948728e-02       2.738978465194e+04 
       2.576393952359e-02       2.729855946229e+04 
       2.589654082881e-02       2.720723194566e+04 
       2.602932747084e-02       2.711514881942e+04 
       2.616230362206e-02       2.702296466766e+04 
       2.629547356238e-02       2.693030243000e+04 
       2.642884168240e-02       2.683723373554e+04 
       2.656241248677e-02       2.674388486494e+04 
       2.669619059755e-02       2.665020355004e+04 
       2.683018075785e-02       2.655622595458e+04 
       2.696438783544e-02       2.646201459461e+04 
       2.709881682662e-02       2.636744764911e+04 
       2.723347286020e-02       2.627265257369e+04 
       2.736836120160e-02       2.617754279250e+04 
       2.750348725713e-02       2.608217104318e+04 
       2.763885657847e-02       2.598653061631e+04 
       2.777447486728e-02       2.589069105768e+04 
       2.791034798000e-02       2.579460073205e+04 
       2.804648193283e-02       2.569848763356e+04 
       2.818288290698e-02       2.560204179499e+04 
       2.831955725404e-02       2.550542035151e+04 
       2.845651150158e-02       2.540860998137e+04 
       2.859375235908e-02       2.531158674101e+04 
       2.873128672398e-02       2.521446030176e+04 
       2.886912168802e-02       2.511717954615e+04 
       2.900726454390e-02       2.501985264606e+04 
       2.914572279218e-02       2.492223400838e+04 
       2.928450414844e-02       2.482470649043e+04 
       2.942361655083e-02       2.472692629758e+04 
       2.956306816786e-02       2.462905745694e+04 
       2.970286740663e-02       2.453107675808e+04 
       2.984302292131e-02       2.443301876591e+04 
       2.998354362210e-02       2.433509858092e+04 
       3.012443868456e-02       2.423675887482e+04 
       3.026571755931e-02       2.413863711493e+04 
       3.040738998228e-02       2.404033730576e+04 
       3.054946598532e-02       2.394201803412e+04 
       3.069195590741e-02       2.384363700772e+04 
       3.083487040633e-02       2.374524715564e+04 
       3.097822047089e-02       2.364682769038e+04 
       3.112201743380e-02       2.354842351934e+04 
       3.126627298511e-02       2.345001274866e+04 
       3.141099918633e-02       2.335158354637e+04 
       3.155620848524e-02       2.325323935769e+04 
       3.170191373147e-02       2.315480768206e+04 
       3.184812819282e-02       2.305637575834e+04 
       3.199486557246e-02       2.295799967013e+04 
       3.214214002696e-02       2.285963170421e+04 
       3.228996618533e-02       2.276127969619e+04 
       3.243835916899e-02       2.266309886241e+04 
       3.258733461285e-02       2.256492483645e+04 
       3.273690868750e-02       2.246659461354e+04 
       3.288709812264e-02       2.236853106562e+04 
       3.303792023171e-02       2.227041914635e+04 
       3.318939293797e-02       2.217238406364e+04 
       3.334153480205e-02       2.207436928548e+04 
       3.349436505096e-02       2.197656664948e+04 
       3.364790360889e-02       2.187872752978e+04 
       3.380217112969e-02       2.178074135276e+04 
       3.395718903136e-02       2.168318351379e+04 
       3.411297953245e-02       2.158555530115e+04 
       3.426956569079e-02       2.148800979897e+04 
       3.442697144448e-02       2.139053733077e+04 
       3.458522165545e-02       2.129314564482e+04 
       3.474434215565e-02       2.119579434188e+04 
       3.490435979628e-02       2.109857112932e+04 
       3.506530250003e-02       2.100147198847e+04 
       3.522719931678e-02       2.090442569598e+04 
       3.539008048290e-02       2.080740010644e+04 
       3.555397748446e-02       2.071058438410e+04 
       3.571892312477e-02       2.061387273943e+04 
       3.588495159637e-02       2.051707777963e+04 
       3.605209855814e-02       2.042050794967e+04 
       3.622040121761e-02       2.032405119727e+04 
       3.638989841925e-02       2.022755000045e+04 
       3.656063073904e-02       2.013116710551e+04 
       3.673264058585e-02       2.003494001576e+04 
       3.690597231039e-02       1.993875224846e+04 
       3.708067232226e-02       1.984256916573e+04 
       3.725678921591e-02       1.974656666715e+04 
       3.743437390626e-02       1.965062828348e+04 
       3.761347977496e-02       1.955480986600e+04 
       3.779416282820e-02       1.945885480456e+04 
       3.797648186732e-02       1.936316008050e+04 
       3.816049867327e-02       1.926746065452e+04 
       3.834627820650e-02       1.917182133322e+04 
       3.853388882362e-02       1.907622156804e+04 
       3.872340251272e-02       1.898066385897e+04 
       3.891489514922e-02       1.888508119544e+04 
       3.910844677433e-02       1.878964840298e+04 
       3.930414189869e-02       1.869411978558e+04 
       3.950206983382e-02       1.859874138162e+04 
       3.970232505453e-02       1.850331027320e+04 
       3.990500759573e-02       1.840787342129e+04 
       4.011022348764e-02       1.831241589202e+04 
       4.031808523383e-02       1.821694365099e+04 
       4.052871233725e-02       1.812142265938e+04 
       4.074223188001e-02       1.802592160759e+04 
       4.095877916360e-02       1.793034213276e+04 
       4.117849841712e-02       1.783469467978e+04 
       4.140154358224e-02       1.773895561382e+04 
       4.162807918503e-02       1.764307996356e+04 
       4.185828130610e-02       1.754719398544e+04 
       4.209233866265e-02       1.745123513255e+04 
       4.233045381778e-02       1.735491517055e+04 
       4.257284453539e-02       1.725858892057e+04 
       4.281974530159e-02       1.716204906967e+04 
       4.307140903750e-02       1.706530177332e+04 
       4.332810903241e-02       1.696827194171e+04 
       4.359014113145e-02       1.687107723824e+04 
       4.385782621832e-02       1.677358978169e+04 
       4.413151304095e-02       1.667576715716e+04 
       4.441158143710e-02       1.657757949128e+04 
       4.469844602830e-02       1.647908609109e+04 
       4.499256046370e-02       1.638013179193e+04 
       4.529442231246e-02       1.628073814171e+04 
       4.560457872367e-02       1.618085368015e+04 
       4.592363299841e-02       1.608038275206e+04 
       4.625225225019e-02       1.597932679129e+04 
       4.659117636935e-02       1.587760313430e+04 
       4.694122855707e-02       1.577518709482e+04 
       4.730332775637e-02       1.567194861746e+04 
       4.767850338678e-02       1.556787323795e+04 
       4.806791288897e-02       1.546272553029e+04 
       4.847286271253e-02       1.535653848460e+04 
       4.889483354190e-02       1.524918350798e+04 
       4.933551076140e-02       1.514044141989e+04 
       4.979682142297e-02       1.503022538328e+04 
       5.028097931328e-02       1.491831548663e+04 
       5.079054013723e-02       1.480447356984e+04 
       5.132846935679e-02       1.468848044656e+04 
       5.189822585796e-02       1.457006087612e+04 
       5.250386535445e-02       1.444873152128e+04 
       5.315016822173e-02       1.432404484159e+04 
       5.384279713828e-02       1.419540959737e+04 
       5.458849014299e-02       1.406207533597e+04 
       5.539529375382e-02       1.392307919642e+04 
       5.627283713907e-02       1.377716879755e+04 
       5.723263914213e-02       1.362258897858e+04 
       5.828842014362e-02       1.345714974893e+04 
       5.945635205651e-02       1.327785420628e+04 
       6.075511121826e-02       1.308051604711e+04 
       6.220549288340e-02       1.285988301545e+04 
       6.382921903931e-02       1.260895061536e+04 
       6.564651141214e-02       1.231924556835e+04 
       6.767222329502e-02       1.198149733589e+04 
       6.991110374379e-02       1.158730989237e+04 
       7.235402303507e-02       1.113186647979e+04 
       7.497766921501e-02       1.061748103624e+04 
       7.774885069617e-02       1.005501676917e+04 
       8.063154935316e-02       9.463070529713e+03 
       8.359320627205e-02       8.864952576216e+03 
       8.660801054284e-02       8.284482821164e+03 
       8.965731364929e-02       7.742379744567e+03 
       9.272846719326e-02       7.254015322862e+03 
       9.581324164731e-02       6.828490930530e+03 
       9.890642303802e-02       6.468799732228e+03 
       1.020047625258e-01       6.172539328290e+03 
       1.051062564442e-01       5.932986998517e+03 
       1.082096767536e-01       5.740412913817e+03 
       1.113142735736e-01       5.583126940176e+03 
       1.144195899570e-01       5.448603844705e+03 
       1.175253477395e-01       5.324751164199e+03 
       1.206313776288e-01       5.200748016055e+03 
       1.237375765471e-01       5.068055177677e+03 
       1.268438816625e-01       4.921131108559e+03 
       1.299502545999e-01       4.757485662981e+03 
       1.330566718482e-01       4.577886372861e+03 
       1.361631189354e-01       4.385650560364e+03 
       1.392695868913e-01       4.186042868797e+03 
       1.423760700991e-01       3.985275891134e+03 
       1.454825649909e-01       3.789647830990e+03 
       1.485890692545e-01       3.604826290012e+03 
       1.516955813511e-01       3.435364354715e+03 
       1.548021002217e-01       3.284272644217e+03 
       1.579086251078e-01       3.152984346991e+03 
       1.610151554420e-01       3.041350765223e+03 
       1.641216907807e-01       2.947900759266e+03 
       1.672282307624e-01       2.870061976392e+03 
       1.703347750822e-01       2.804513256388e+03 
       1.734413234752e-01       2.747580057203e+03 
       1.765478757066e-01       2.695547049136e+03 
       1.796544315647e-01       2.645588079381e+03 
       1.827609908563e-01       2.593927081805e+03 
       1.858675534037e-01       2.538220753119e+03 
       1.889741190426e-01       2.477115900013e+03 
       1.920806876203e-01       2.410236366308e+03 
       1.951872589945e-01       2.338207265169e+03 
       1.982938330322e-01       2.262467723586e+03 
       2.014004096089e-01       2.184853058533e+03 
       2.045069886077e-01       2.107439404849e+03 
       2.076135699190e-01       2.032127120292e+03 
       2.107201534398e-01       1.960531582401e+03 
       2.138267390729e-01       1.893912340632e+03 
       2.169333267269e-01       1.833065661511e+03 
       2.200399163157e-01       1.778425646818e+03 
       2.231465077579e-01       1.730022900932e+03 
       2.262531009766e-01       1.687478210073e+03 
       2.293596958991e-01       1.650118519594e+03 
       2.324662924566e-01       1.616917305441e+03 
       2.355728905841e-01       1.586761972584e+03 
       2.386794902199e-01       1.558398582206e+03 
       2.417860913054e-01       1.530719554459e+03 
       2.448926937851e-01       1.502782405842e+03 
       2.479992976063e-01       1.473909987160e+03 
       2.511059027189e-01       1.443716312350e+03 
       2.542125090753e-01       1.412071049455e+03 
       2.573191166302e-01       1.379054232955e+03 
       2.604257253404e-01       1.344982980674e+03 
       2.635323351648e-01       1.310301800980e+03 
       2.666389460642e-01       1.275573899455e+03 
       2.697455580014e-01       1.241423501645e+03 
       2.728521709406e-01       1.208444509543e+03 
       2.759587848478e-01       1.177150369942e+03 
       2.790653996905e-01       1.147896953664e+03 
       2.821720154376e-01       1.120846159777e+03 
       2.852786320595e-01       1.096011864463e+03 
       2.883852495277e-01       1.073231553865e+03 
       2.914918678150e-01       1.052277311356e+03 
       2.945984868954e-01       1.032841638782e+03 
       2.977051067439e-01       1.014580981041e+03 
       3.008117273366e-01       9.971566234685e+02 
       3.039183486505e-01       9.802480929443e+02 
       3.070249706637e-01       9.635299748207e+02 
       3.101315933549e-01       9.467560601167e+02 
       3.132382167041e-01       9.297532246589e+02 
       3.163448406916e-01       9.124306698093e+02 
       3.194514652988e-01       8.948050308238e+02 
       3.225580905077e-01       8.769707297088e+02 
       3.256647163009e-01       8.590753293333e+02 
       3.287713426619e-01       8.412912009896e+02 
       3.318779695745e-01       8.237877429290e+02 
       3.349845970235e-01       8.067299424215e+02 
       3.380912249939e-01       7.902406426417e+02 
       3.411978534714e-01       7.744312024119e+02 
       3.443044824423e-01       7.593753829644e+02 
       3.474111118933e-01       7.451123832672e+02 
       3.505177418114e-01       7.316446823230e+02 
       3.536243721844e-01       7.189136143660e+02 
       3.567310030004e-01       7.068315050881e+02 
       3.598376342477e-01       6.952809707461e+02 
       3.629442659154e-01       6.841306637191e+02 
       3.660508979925e-01       6.732639371909e+02 
       3.691575304689e-01       6.625838108060e+02 
       3.722641633343e-01       6.520170271303e+02 
       3.753707965792e-01       6.415299968525e+02 
       3.784774301941e-01       6.310866707034e+02 
       3.815840641699e-01       6.206819558165e+02 
       3.846906984979e-01       6.103159969152e+02 
       3.877973331697e-01       6.000074241077e+02 
       3.909039681768e-01       5.897916227681e+02 
       3.940106035115e-01       5.797174396947e+02 
       3.971172391659e-01       5.698405075009e+02 
       4.002238751327e-01       5.602108906897e+02 
       4.033305114045e-01       5.508560627995e+02 
       4.064371479743e-01       5.418041308473e+02 
       4.095437848354e-01       5.330536208326e+02 
       4.126504219810e-01       5.245973240394e+02 
       4.157570594049e-01       5.164241131053e+02 
       4.188636971008e-01       5.085200894258e+02 
       4.219703350627e-01       5.008703759984e+02 
       4.250769732847e-01       4.934534149604e+02 
       4.281836117612e-01       4.862425017818e+02 
       4.312902504866e-01       4.792023927178e+02 
       4.343968894555e-01       4.722971269252e+02 
       4.375035286628e-01       4.654968282796e+02 
       4.406101681034e-01       4.587802044641e+02 
       4.437168077724e-01       4.521346036435e+02 
       4.468234476649e-01       4.455624786829e+02 
       4.499300877764e-01       4.390648587923e+02 
       4.530367281024e-01       4.326507258760e+02 
       4.561433686384e-01       4.263260176001e+02 
       4.592500093802e-01       4.200971533702e+02 
       4.623566503235e-01       4.139706352069e+02 
       4.654632914644e-01       4.079619676939e+02 
       4.685699327989e-01       4.020843781443e+02 
       4.716765743232e-01       3.963507286016e+02 
       4.747832160335e-01       3.907710307234e+02 
       4.778898579262e-01       3.853468092045e+02 
       4.809964999977e-01       3.800704751282e+02 
       4.841031422447e-01       3.749291196459e+02 
       4.872097846636e-01       3.699079465646e+02 
       4.903164272513e-01       3.649938836740e+02 
       4.934230700046e-01       3.601769969010e+02 
       4.965297129203e-01       3.554499920419e+02 
       4.996363559954e-01       3.508060533046e+02 
       5.027429992269e-01       3.462380723609e+02 
       5.058496426119e-01       3.417383938505e+02 
       5.089562861477e-01       3.372955497073e+02 
       5.120629298314e-01       3.329096647773e+02 
       5.151695736604e-01       3.285801189792e+02 
       5.182762176321e-01       3.243119707654e+02 
       5.213828617438e-01       3.201123692270e+02 
       5.244895059932e-01       3.159876033038e+02 
       5.275961503778e-01       3.119408674320e+02 
       5.307027948951e-01       3.079728974984e+02 
       5.338094395429e-01       3.040782668667e+02 
       5.369160843189e-01       3.002570350487e+02 
       5.400227292208e-01       2.965079815895e+02 
       5.431293742466e-01       2.928315080571e+02 
       5.462360193940e-01       2.892283610607e+02 
       5.493426646611e-01       2.856988204090e+02 
       5.524493100458e-01       2.822393496977e+02 
       5.555559555460e-01       2.788443512771e+02 
       5.586626011600e-01       2.755072970828e+02 
       5.617692468857e-01       2.722231579357e+02 
       5.648758927214e-01       2.689882267023e+02 
       5.679825386652e-01       2.658021935419e+02 
       5.710891847154e-01       2.626657221075e+02 
       5.741958308702e-01       2.595790333586e+02 
       5.773024771279e-01       2.565411638858e+02 
       5.804091234869e-01       2.535487353594e+02 
       5.835157699456e-01       2.505990927384e+02 
       5.866224165024e-01       2.476907410519e+02 
       5.897290631556e-01       2.448242553119e+02 
       5.928357099039e-01       2.420017164911e+02 
       5.959423567456e-01       2.392264474160e+02 
       5.990490036794e-01       2.364999669882e+02 
       6.021556507039e-01       2.338219773119e+02 
       6.052622978175e-01       2.311902196542e+02 
       6.083689450190e-01       2.286015546163e+02 
       6.114755923070e-01       2.260535437231e+02 
       6.145822396802e-01       2.235452546726e+02 
       6.176888871373e-01       2.210768499621e+02 
       6.207955346770e-01       2.186488967519e+02 
       6.239021822981e-01       2.162611649162e+02 
       6.270088299994e-01       2.139119708991e+02 
       6.301154777798e-01       2.115982307464e+02 
       6.332221256379e-01       2.093169789127e+02 
       6.363287735728e-01       2.070662651913e+02 
       6.394354215832e-01       2.048457197905e+02 
       6.425420696681e-01       2.026562701371e+02 
       6.456487178264e-01       2.004994075498e+02 
       6.487553660570e-01       1.983757242287e+02 
       6.518620143589e-01       1.962844252469e+02 
       6.549686627312e-01       1.942238373077e+02 
       6.580753111727e-01       1.921920282515e+02 
       6.611819596825e-01       1.901877990916e+02 
       6.642886082596e-01       1.882112925263e+02 
       6.673952569032e-01       1.862636961807e+02 
       6.705019056122e-01       1.843460453204e+02 
       6.736085543858e-01       1.824586808150e+02 
       6.767152032231e-01       1.806006734207e+02 
       6.798218521232e-01       1.787699617939e+02 
       6.829285010853e-01       1.769644937826e+02 
       6.860351501084e-01       1.751829906598e+02 
       6.891417991918e-01       1.734250955513e+02 
       6.922484483347e-01       1.716916153235e+02 
       6.953550975363e-01       1.699832343046e+02 
       6.984617467957e-01       1.682999144688e+02 
       7.015683961122e-01       1.666408091861e+02 
       7.046750454851e-01       1.650043009965e+02 
       7.077816949136e-01       1.633884594059e+02 
       7.108883443970e-01       1.617927144719e+02 
       7.139949939345e-01       1.602171351585e+02 
       7.171016435254e-01       1.586626369075e+02 
       7.202082931692e-01       1.571302132771e+02 
       7.233149428650e-01       1.556199079988e+02 
       7.264215926122e-01       1.541310542482e+02 
       7.295282424102e-01       1.526621749306e+02 
       7.605408350115e-01       1.390045690596e+02 
       7.934861402470e-01       1.262886622934e+02 
       8.284656760744e-01       1.145022197862e+02 
       8.655636147452e-01       1.036071336365e+02 
       9.048461255239e-01       9.358934501156e+01 
       9.463642809792e-01       8.440733128159e+01 
       9.901599952639e-01       7.602795672332e+01 
       1.036273469034e+00       6.840618838362e+01 
       1.084750284959e+00       6.149277944055e+01 
       1.135646733462e+00       5.523719422971e+01 
       1.189032796719e+00       4.958798220797e+01 
       1.244993001581e+00       4.449321988788e+01 
       1.303625789741e+00       3.990198103914e+01 
       1.365042133750e+00       3.576886748671e+01 
       1.429363984740e+00       3.205122784492e+01 
       1.496722918310e+00       2.870891560398e+01 
       1.567259144330e+00       2.570495717067e+01 
       1.641120904916e+00       2.300704004232e+01 
       1.718464206655e+00       2.058484578605e+01 
       1.799452804876e+00       1.841087837018e+01 
       1.884258360574e+00       1.646111491200e+01 
       1.973060707907e+00       1.471259997552e+01 
       2.066048190370e+00       1.314555017096e+01 
       2.163418040720e+00       1.174150912283e+01 
       2.265376791540e+00       1.048395275874e+01 
       2.372140710451e+00       9.358148986085e+00 
       2.483936257894e+00       8.350620385381e+00 
       2.601000567177e+00       7.449279736754e+00 
       2.723581947388e+00       6.643186675238e+00 
       2.851940410066e+00       5.922532832565e+00 
       2.986348220720e+00       5.278485198717e+00 
       3.127090476337e+00       4.703114258348e+00 
       3.274465710110e+00       4.189252978364e+00 
       3.428786524670e+00       3.730449456034e+00 
       3.590380255154e+00       3.320970723239e+00 
       3.759589663530e+00       2.955604085175e+00 
       3.936773665640e+00       2.629679589344e+00 
       4.122308092506e+00       2.339061579916e+00 
       4.316586487524e+00       2.079977181065e+00 
       4.520020941218e+00       1.849097712841e+00 
       4.733042965337e+00       1.643390680553e+00 
       4.956104408156e+00       1.460160569864e+00 
       5.189678412901e+00       1.297017642544e+00 
       5.434260421352e+00       1.151771909088e+00 
       5.690369224741e+00       1.022511785916e+00 
       5.958548064176e+00       9.075047576001e-01 
       6.239365782932e+00       8.052026396365e-01 
       6.533418033040e+00       7.142336854331e-01 
       6.841328538747e+00       6.333587176400e-01 
       7.163750419518e+00       5.614772425554e-01 
       7.501367575388e+00       4.976046200272e-01 
       7.854896137613e+00       4.408629937967e-01 
       8.225085987669e+00       3.904658708096e-01 
       8.612722347862e+00       3.457199382091e-01 
       9.018627446882e+00       3.060001934711e-01 
       9.443662263865e+00       2.707497823208e-01 
       9.888728354644e+00       2.394745417747e-01 
       1.035476976407e+01       2.117334106480e-01 
       1.084277502845e+01       1.871319497539e-01 
       1.135377927238e+01       1.653254458696e-01 
       1.188886640438e+01       1.459932284006e-01 
       1.244917141599e+01       1.288656126055e-01 
       1.303588278926e+01       1.136950431283e-01 
       1.365024501768e+01       1.002588341379e-01 
       1.429356124591e+01       8.836546399522e-02 
       1.496719603390e+01       7.783920891028e-02 
       1.567257825137e+01       6.852634238164e-02 
       1.641120410857e+01       6.028871372460e-02 
       1.718464032998e+01       5.300575423435e-02 
       1.799452747751e+01       4.656967656637e-02 
       1.884258343038e+01       4.088298086412e-02 
       1.973060702899e+01       3.586164511338e-02 
       2.066048189043e+01       3.142905510527e-02 
       2.163418040395e+01       2.751865860952e-02 
       2.265376791466e+01       2.406971069508e-02 
       2.372140710436e+01       2.102959229522e-02 
       2.483936257892e+01       1.835200403202e-02 
       2.601000567177e+01       1.599432213354e-02 
       2.723581947388e+01       1.392006918783e-02 
       2.851940410066e+01       1.209654041179e-02 
       2.986348220720e+01       1.049561694894e-02 
       3.127090476337e+01       9.090148659624e-03 
       3.274465710110e+01       7.857665067225e-03 
       3.428786524670e+01       6.778852350147e-03 
       3.590380255154e+01       5.835018115582e-03 
       3.759589663530e+01       5.010570900209e-03 
       3.936773665640e+01       4.291254346737e-03 
       4.122308092506e+01       3.664510593210e-03 
       4.316586487525e+01       3.119539980340e-03 
       4.520020941218e+01       2.646754811312e-03 
       4.733042965337e+01       2.237169493480e-03 
       4.956104408156e+01       1.883480308455e-03 
       5.189678412901e+01       1.578794719526e-03 
       5.434260421352e+01       1.317088448841e-03 
       5.690369224741e+01       1.092923840329e-03 
       5.958548064176e+01       9.016354131114e-04 
       6.239365782932e+01       7.390711232818e-04 
       6.533418033040e+01       6.015209427390e-04 
       6.841328538747e+01       4.858887290446e-04 
       7.163750419518e+01       3.890252680531e-04 
       7.501367575388e+01       3.084374280819e-04 
       7.854896137613e+01       2.419654804422e-04 
       8.225085987669e+01       1.874854403879e-04 
       8.612722347862e+01       1.432495108070e-04 
       9.018627446882e+01       1.076898442482e-04 
       9.443662263865e+01       7.950328348392e-05 
       9.888728354644e+01       5.741538791867e-05 
       1.035476976407e+02       4.038019692745e-05 
       1.084277502845e+02       2.752617993581e-05 
       1.135377927238e+02       1.802457552526e-05 
       1.188886640438e+02       1.120605372291e-05 
       1.244917141599e+02       6.490510274682e-06 
