# Matter power spectrum P(k) at redshift z=0
# for k=1.01244e-05 to 163.241 h/Mpc,
# number of wavenumbers equal to 626
#    1:k (h/Mpc)              2:P (Mpc/h)^3        
       1.012435437063e-05       6.225866715130e+01 
       2.257651330037e-05       1.381059574225e+02 
       3.506965707062e-05       2.117468643047e+02 
       4.763519422182e-05       2.845963064155e+02 
       6.030501951818e-05       3.571157667620e+02 
       7.311177979152e-05       4.297232516710e+02 
       8.608914775804e-05       5.027532792923e+02 
       9.927210722862e-05       5.765038448332e+02 
       1.126972531610e-04       6.512146011832e+02 
       1.264031100318e-04       7.270940180432e+02 
       1.404304720222e-04       8.043900972005e+02 
       1.548227684820e-04       8.833736340492e+02 
       1.696264580355e-04       9.642887192814e+02 
       1.848914544633e-04       1.047399759991e+03 
       2.006715870763e-04       1.132993078246e+03 
       2.170250976101e-04       1.221377023773e+03 
       2.340151745910e-04       1.312882005056e+03 
       2.517105245226e-04       1.407857025553e+03 
       2.701859769335e-04       1.506677382172e+03 
       2.895231170916e-04       1.609745830182e+03 
       3.098109357708e-04       1.717513005037e+03 
       3.311464795705e-04       1.830444508557e+03 
       3.536354776409e-04       1.949057459376e+03 
       3.773929110041e-04       2.073903325853e+03 
       4.025434788690e-04       2.205574032214e+03 
       4.292219025074e-04       2.344702455583e+03 
       4.575729919410e-04       2.491958342880e+03 
       4.877513850600e-04       2.648047266906e+03 
       5.199208549342e-04       2.813702871485e+03 
       5.542530722346e-04       2.989678355988e+03 
       5.909257103065e-04       3.176734036274e+03 
       6.301197960189e-04       3.375620330220e+03 
       6.720162457932e-04       3.587057539963e+03 
       7.167915877150e-04       3.811711149814e+03 
       7.646129584464e-04       4.050164980934e+03 
       8.156325728484e-04       4.302892388030e+03 
       8.699819817592e-04       4.570225183850e+03 
       9.277665379262e-04       4.852329808690e+03 
       9.890605550501e-04       5.149183982395e+03 
       1.053903645098e-03       5.460565645593e+03 
       1.122298639702e-03       5.786044630402e+03 
       1.194211346097e-03       6.124995015608e+03 
       1.269572181179e-03       6.476607807417e+03 
       1.348279509159e-03       6.839884800410e+03 
       1.430204323406e-03       7.213755317863e+03 
       1.515195796064e-03       7.597055979093e+03 
       1.603087185090e-03       7.988560879802e+03 
       1.693701631244e-03       8.387028368894e+03 
       1.786857474953e-03       8.791227680359e+03 
       1.882372846109e-03       9.199969411129e+03 
       1.980069402286e-03       9.612118754544e+03 
       2.079775194261e-03       1.002661474365e+04 
       2.181326713098e-03       1.044247640321e+04 
       2.284570219489e-03       1.085880332976e+04 
       2.389362477613e-03       1.127479196913e+04 
       2.495571018853e-03       1.168970463058e+04 
       2.603074051826e-03       1.210290035909e+04 
       2.711760119816e-03       1.251380160564e+04 
       2.821527588927e-03       1.292190251267e+04 
       2.932284032756e-03       1.332676927175e+04 
       3.043945563558e-03       1.372801378918e+04 
       3.156436146477e-03       1.412530281999e+04 
       3.269686922559e-03       1.451834485218e+04 
       3.383635557749e-03       1.490689978129e+04 
       3.498225628635e-03       1.529075560873e+04 
       3.613406050982e-03       1.566973080759e+04 
       3.729130553681e-03       1.604367100366e+04 
       3.845357198414e-03       1.641245265145e+04 
       3.962047943751e-03       1.677597120430e+04 
       4.079168251444e-03       1.713413883945e+04 
       4.196686732094e-03       1.748689653047e+04 
       4.314574827084e-03       1.783417758644e+04 
       4.432806523638e-03       1.817595462029e+04 
       4.551358099870e-03       1.851219567894e+04 
       4.670207896890e-03       1.884288107611e+04 
       4.789336115161e-03       1.916801935335e+04 
       4.908724632578e-03       1.948759805830e+04 
       5.028356841920e-03       1.980164474903e+04 
       5.148217505561e-03       2.011014999370e+04 
       5.268292625561e-03       2.041315123120e+04 
       5.388569327408e-03       2.071067683365e+04 
       5.509035755916e-03       2.100274595306e+04 
       5.629680981924e-03       2.128940820215e+04 
       5.750494918588e-03       2.157068386987e+04 
       5.871468246215e-03       2.184662742688e+04 
       5.992592344693e-03       2.211725580297e+04 
       6.113859232683e-03       2.238264451331e+04 
       6.235261512838e-03       2.264281396733e+04 
       6.356792322389e-03       2.289782566963e+04 
       6.478445288534e-03       2.314771207705e+04 
       6.600214488102e-03       2.339253114802e+04 
       6.722094411053e-03       2.363233123250e+04 
       6.844079927402e-03       2.386715661200e+04 
       6.966166257218e-03       2.409707708475e+04 
       7.088348943376e-03       2.432211891556e+04 
       7.210623826788e-03       2.454234909542e+04 
       7.332987023851e-03       2.475781109421e+04 
       7.455434905910e-03       2.496856561217e+04 
       7.577964080510e-03       2.517465741478e+04 
       7.700571374289e-03       2.537613664379e+04 
       7.823253817336e-03       2.557306204603e+04 
       7.946008628874e-03       2.576548344779e+04 
       8.068833204154e-03       2.595344841490e+04 
       8.191725102434e-03       2.613700958656e+04 
       8.314682035948e-03       2.631621400291e+04 
       8.437701859770e-03       2.649111754559e+04 
       8.560782562504e-03       2.666176294820e+04 
       8.683922257704e-03       2.682820689042e+04 
       8.807119175985e-03       2.699050134437e+04 
       8.930371657735e-03       2.714868633562e+04 
       9.053678146408e-03       2.730281249955e+04 
       9.177037182320e-03       2.745294195546e+04 
       9.300447396922e-03       2.759911270541e+04 
       9.423907507500e-03       2.774137032500e+04 
       9.547416312280e-03       2.787977464184e+04 
       9.670972685884e-03       2.801435981113e+04 
       9.794575575129e-03       2.814518344916e+04 
       9.918223995127e-03       2.827228675275e+04 
       1.004191702567e-02       2.839572084227e+04 
       1.016565380789e-02       2.851552659186e+04 
       1.028943354110e-02       2.863175362526e+04 
       1.041325547995e-02       2.874444371860e+04 
       1.053711893172e-02       2.885364419791e+04 
       1.066102325379e-02       2.895939872364e+04 
       1.078496785137e-02       2.906175335671e+04 
       1.090895217527e-02       2.916075039490e+04 
       1.103297571997e-02       2.925643009350e+04 
       1.115703802164e-02       2.934884101637e+04 
       1.128113865651e-02       2.943801808452e+04 
       1.140527723914e-02       2.952401043779e+04 
       1.152945342100e-02       2.960685540351e+04 
       1.165366688899e-02       2.968659098883e+04 
       1.177791736419e-02       2.976326340379e+04 
       1.190220460059e-02       2.983690575774e+04 
       1.202652838399e-02       2.990757034787e+04 
       1.215088853095e-02       2.997528138348e+04 
       1.227528488777e-02       3.004007993537e+04 
       1.239971732963e-02       3.010200694565e+04 
       1.252418575971e-02       3.016108746359e+04 
       1.264869010844e-02       3.021737001753e+04 
       1.277323033273e-02       3.027088556578e+04 
       1.289780641534e-02       3.032167175579e+04 
       1.302241836424e-02       3.036976145639e+04 
       1.314706621207e-02       3.041518778188e+04 
       1.327175001556e-02       3.045798339693e+04 
       1.339646985508e-02       3.049818590673e+04 
       1.352122583423e-02       3.053581638168e+04 
       1.364601807936e-02       3.057092151309e+04 
       1.377084673929e-02       3.060353031734e+04 
       1.389571198492e-02       3.063367749597e+04 
       1.402061400895e-02       3.066139430898e+04 
       1.414555302563e-02       3.068670579198e+04 
       1.427052927050e-02       3.070964538896e+04 
       1.439554300018e-02       3.073024657909e+04 
       1.452059449225e-02       3.074853323493e+04 
       1.464568404502e-02       3.076454497655e+04 
       1.477081197744e-02       3.077829724053e+04 
       1.489597862900e-02       3.078983527867e+04 
       1.502118435966e-02       3.079917385407e+04 
       1.514642954977e-02       3.080635585710e+04 
       1.527171460003e-02       3.081139455958e+04 
       1.539703993154e-02       3.081433022221e+04 
       1.552240598572e-02       3.081519071917e+04 
       1.564781322442e-02       3.081400249989e+04 
       1.577326212989e-02       3.081079658320e+04 
       1.589875320493e-02       3.080559816546e+04 
       1.602428697292e-02       3.079843259805e+04 
       1.614986397792e-02       3.078933589958e+04 
       1.627548478484e-02       3.077833094000e+04 
       1.640114997954e-02       3.076544070917e+04 
       1.652686016901e-02       3.075070085356e+04 
       1.665261598151e-02       3.073414451569e+04 
       1.677841806681e-02       3.071578628805e+04 
       1.690426709636e-02       3.069565645918e+04 
       1.703016376355e-02       3.067378498599e+04 
       1.715610878390e-02       3.065019986647e+04 
       1.728210289537e-02       3.062492650275e+04 
       1.740814685862e-02       3.059799051103e+04 
       1.753424145727e-02       3.056941713219e+04 
       1.766038749826e-02       3.053923691054e+04 
       1.778658581213e-02       3.050746995253e+04 
       1.791283725339e-02       3.047414392273e+04 
       1.803914270084e-02       3.043928602071e+04 
       1.816550305798e-02       3.040292014430e+04 
       1.829191925340e-02       3.036506853250e+04 
       1.841839224117e-02       3.032575940516e+04 
       1.854492300125e-02       3.028501664740e+04 
       1.867151253997e-02       3.024286286620e+04 
       1.879816189048e-02       3.019932002388e+04 
       1.892487211319e-02       3.015441541291e+04 
       1.905164429633e-02       3.010817289643e+04 
       1.917847955640e-02       3.006060765673e+04 
       1.930537903875e-02       3.001175252743e+04 
       1.943234391810e-02       2.996162026391e+04 
       1.955937539914e-02       2.991023709828e+04 
       1.968647471708e-02       2.985762645939e+04 
       1.981364313832e-02       2.980381130494e+04 
       1.994088196101e-02       2.974880794816e+04 
       2.006819251579e-02       2.969264361693e+04 
       2.019557616637e-02       2.963533354378e+04 
       2.032303431031e-02       2.957690035306e+04 
       2.045056837967e-02       2.951736884723e+04 
       2.057817984182e-02       2.945676126540e+04 
       2.070587020016e-02       2.939508536248e+04 
       2.083364099492e-02       2.933237785694e+04 
       2.096149380398e-02       2.926865163973e+04 
       2.108943024374e-02       2.920391986781e+04 
       2.121745196994e-02       2.913821368125e+04 
       2.134556067858e-02       2.907154352597e+04 
       2.147375810686e-02       2.900394210691e+04 
       2.160204603412e-02       2.893541813776e+04 
       2.173042628282e-02       2.886598416983e+04 
       2.185890071957e-02       2.879568678802e+04 
       2.198747125615e-02       2.872451657930e+04 
       2.211613985062e-02       2.865250375051e+04 
       2.224490850842e-02       2.857966775001e+04 
       2.237377928353e-02       2.850602670371e+04 
       2.250275427963e-02       2.843159740008e+04 
       2.263183565135e-02       2.835639797023e+04 
       2.276102560551e-02       2.828045051641e+04 
       2.289032640245e-02       2.820376523232e+04 
       2.301974035734e-02       2.812636718905e+04 
       2.314926984158e-02       2.804827482258e+04 
       2.327891728424e-02       2.796949258196e+04 
       2.340868517353e-02       2.789004907658e+04 
       2.353857605831e-02       2.780995284269e+04 
       2.366859254967e-02       2.772924441694e+04 
       2.379873732257e-02       2.764790190975e+04 
       2.392901311750e-02       2.756597116152e+04 
       2.405942274222e-02       2.748344961165e+04 
       2.418996907353e-02       2.740036528556e+04 
       2.432065505917e-02       2.731672465975e+04 
       2.445148371965e-02       2.723255634099e+04 
       2.458245815030e-02       2.714786503881e+04 
       2.471358152325e-02       2.706266563992e+04 
       2.484485708960e-02       2.697697846932e+04 
       2.497628818154e-02       2.689080953003e+04 
       2.510787821464e-02       2.680417835392e+04 
       2.523963069017e-02       2.671710359979e+04 
       2.537154919753e-02       2.662958895857e+04 
       2.550363741670e-02       2.654166020961e+04 
       2.563589912090e-02       2.645331872131e+04 
       2.576833817920e-02       2.636459087225e+04 
       2.590095855931e-02       2.627548276585e+04 
       2.603376433046e-02       2.618600168031e+04 
       2.616675966636e-02       2.609617383857e+04 
       2.629994884827e-02       2.600600909789e+04 
       2.643333626823e-02       2.591550806238e+04 
       2.656692643232e-02       2.582470190760e+04 
       2.670072396410e-02       2.573359020298e+04 
       2.683473360822e-02       2.564218886938e+04 
       2.696896023401e-02       2.555050836796e+04 
       2.710340883942e-02       2.545855832406e+04 
       2.723808455491e-02       2.536635832466e+04 
       2.737299264762e-02       2.527391315077e+04 
       2.750813852564e-02       2.518123624310e+04 
       2.764352774247e-02       2.508833883068e+04 
       2.777916600163e-02       2.499522918375e+04 
       2.791505916150e-02       2.490192246250e+04 
       2.805121324029e-02       2.480842383196e+04 
       2.818763442125e-02       2.471474724826e+04 
       2.832432905806e-02       2.462090223775e+04 
       2.846130368051e-02       2.452689863893e+04 
       2.859856500031e-02       2.443274350981e+04 
       2.873611991719e-02       2.433844732854e+04 
       2.887397552532e-02       2.424402283889e+04 
       2.901213911986e-02       2.414947742161e+04 
       2.915061820390e-02       2.405481717210e+04 
       2.928942049566e-02       2.396005343081e+04 
       2.942855393599e-02       2.386519347062e+04 
       2.956802669622e-02       2.377024542587e+04 
       2.970784718632e-02       2.367521893991e+04 
       2.984802406347e-02       2.358012312257e+04 
       2.998856624096e-02       2.348496084382e+04 
       3.012948289755e-02       2.338974540434e+04 
       3.027078348716e-02       2.329448357816e+04 
       3.041247774913e-02       2.319917802931e+04 
       3.055457571886e-02       2.310384056648e+04 
       3.069708773900e-02       2.300847764311e+04 
       3.084002447110e-02       2.291309640035e+04 
       3.098339690791e-02       2.281769372817e+04 
       3.112721638622e-02       2.272229317617e+04 
       3.127149460029e-02       2.262689185381e+04 
       3.141624361599e-02       2.253148545073e+04 
       3.156147588564e-02       2.243609682070e+04 
       3.170720426359e-02       2.234072672227e+04 
       3.185344202251e-02       2.224537464279e+04 
       3.200020287063e-02       2.215004892060e+04 
       3.214750096979e-02       2.205475457991e+04 
       3.229535095447e-02       2.195950006286e+04 
       3.244376795177e-02       2.186428596328e+04 
       3.259276760252e-02       2.176911413619e+04 
       3.274236608345e-02       2.167399629263e+04 
       3.289258013066e-02       2.157892607034e+04 
       3.304342706423e-02       2.148392070573e+04 
       3.319492481439e-02       2.138897058286e+04 
       3.334709194897e-02       2.129408964353e+04 
       3.349994770252e-02       2.119927406941e+04 
       3.365351200709e-02       2.110452523825e+04 
       3.380780552473e-02       2.100985291042e+04 
       3.396284968198e-02       2.091525791932e+04 
       3.411866670635e-02       2.082074204177e+04 
       3.427527966501e-02       2.072630381966e+04 
       3.443271250581e-02       2.063194701572e+04 
       3.459099010090e-02       2.053767614185e+04 
       3.475013829293e-02       2.044348557886e+04 
       3.491018394429e-02       2.034938695054e+04 
       3.507115498941e-02       2.025537651227e+04 
       3.523308049046e-02       2.016145132047e+04 
       3.539599069672e-02       2.006761562192e+04 
       3.555991710782e-02       1.997386930337e+04 
       3.572489254129e-02       1.988021755064e+04 
       3.589095120464e-02       1.978664991525e+04 
       3.605812877248e-02       1.969316992192e+04 
       3.622646246891e-02       1.959978120208e+04 
       3.639599115585e-02       1.950647185643e+04 
       3.656675542765e-02       1.941325465611e+04 
       3.673879771261e-02       1.932011449451e+04 
       3.691216238191e-02       1.922706740488e+04 
       3.708689586680e-02       1.913408964171e+04 
       3.726304678461e-02       1.904118986409e+04 
       3.744066607448e-02       1.894837293189e+04 
       3.761980714371e-02       1.885562202600e+04 
       3.780052602572e-02       1.876293743147e+04 
       3.798288155069e-02       1.867032112129e+04 
       3.816693553025e-02       1.857776268928e+04 
       3.835275295744e-02       1.848526118003e+04 
       3.854040222357e-02       1.839280658103e+04 
       3.872995535372e-02       1.830040026049e+04 
       3.892148826273e-02       1.820803067624e+04 
       3.911508103392e-02       1.811569945344e+04 
       3.931081822295e-02       1.802338871173e+04 
       3.950878918951e-02       1.793109901833e+04 
       3.970908846004e-02       1.783882347587e+04 
       3.991181612487e-02       1.774655079344e+04 
       4.011707827371e-02       1.765426558297e+04 
       4.032498747418e-02       1.756197236142e+04 
       4.053566329822e-02       1.746965099140e+04 
       4.074923290237e-02       1.737729273240e+04 
       4.096583166856e-02       1.728488504658e+04 
       4.118560391295e-02       1.719242018171e+04 
       4.140870367158e-02       1.709988244223e+04 
       4.163529557302e-02       1.700725912282e+04 
       4.186555580936e-02       1.691453075434e+04 
       4.209967321929e-02       1.682168506541e+04 
       4.233785049860e-02       1.672870406418e+04 
       4.258030555632e-02       1.663556818690e+04 
       4.282727303770e-02       1.654225873537e+04 
       4.307900603871e-02       1.644875420389e+04 
       4.333577804114e-02       1.635503062063e+04 
       4.359788510265e-02       1.626106601324e+04 
       4.386564834205e-02       1.616683582185e+04 
       4.413941676807e-02       1.607230628528e+04 
       4.441957050858e-02       1.597744725073e+04 
       4.470652450865e-02       1.588223006867e+04 
       4.500073277934e-02       1.578661153835e+04 
       4.530269329587e-02       1.569055662996e+04 
       4.561295366440e-02       1.559402561110e+04 
       4.593211770222e-02       1.549696380760e+04 
       4.626085310781e-02       1.539932249844e+04 
       4.659990043694e-02       1.530104446090e+04 
       4.695008365055e-02       1.520206431064e+04 
       4.731232256269e-02       1.510231267833e+04 
       4.768764759559e-02       1.500170861766e+04 
       4.807721734928e-02       1.490016086247e+04 
       4.848233961994e-02       1.479757154686e+04 
       4.890449666349e-02       1.469382253352e+04 
       4.934537570708e-02       1.458878051016e+04 
       4.980690597456e-02       1.448229215779e+04 
       5.029130382542e-02       1.437417487365e+04 
       5.080112802801e-02       1.426421788299e+04 
       5.133934771036e-02       1.415216592364e+04 
       5.190942616701e-02       1.403771820206e+04 
       5.251542443658e-02       1.392049844232e+04 
       5.316212934984e-02       1.380004477542e+04 
       5.385521142998e-02       1.367578387675e+04 
       5.460141825305e-02       1.354698388318e+04 
       5.540880790015e-02       1.341270318522e+04 
       5.628702345036e-02       1.327171404215e+04 
       5.724760021611e-02       1.312239034567e+04 
       5.830427749989e-02       1.296256413008e+04 
       5.947324778150e-02       1.278932136756e+04 
       6.077320744731e-02       1.259874610406e+04 
       6.222496683482e-02       1.238564386145e+04 
       6.385025041305e-02       1.214330924015e+04 
       6.566925916097e-02       1.186357158045e+04 
       6.769679213529e-02       1.153747230826e+04 
       6.993750885514e-02       1.115693360900e+04 
       7.238217061956e-02       1.071751029536e+04 
       7.500736963146e-02       1.022138232275e+04 
       7.777986255782e-02       9.679070037683e+03 
       8.066363182571e-02       9.108597997160e+03 
       8.362615549167e-02       8.532414362247e+03 
       8.664167265560e-02       7.973413984212e+03 
       8.969158129985e-02       7.451520303608e+03 
       9.276326925710e-02       6.981502698872e+03 
       9.584853254810e-02       6.572090931744e+03 
       9.894217417661e-02       6.226097516763e+03 
       1.020409561875e-01       5.941164030673e+03 
       1.051428817430e-01       5.710823305817e+03 
       1.082467270309e-01       5.525640075309e+03 
       1.113517447679e-01       5.374343018503e+03 
       1.144574795942e-01       5.244921222778e+03 
       1.175636543131e-01       5.125678440162e+03 
       1.206701002210e-01       5.006235793748e+03 
       1.237767145984e-01       4.878395092170e+03 
       1.268834348309e-01       4.736771526323e+03 
       1.299902226757e-01       4.579082670519e+03 
       1.330970547021e-01       4.406040743004e+03 
       1.362039164873e-01       4.220888467814e+03 
       1.393107990907e-01       4.028666209573e+03 
       1.424176969139e-01       3.835356266977e+03 
       1.455246064002e-01       3.647041542674e+03 
       1.486315252443e-01       3.469194740466e+03 
       1.517384519116e-01       3.306156918530e+03 
       1.548453853458e-01       3.160828165479e+03 
       1.579523247902e-01       3.034560590826e+03 
       1.610592696785e-01       2.927218461042e+03 
       1.641662195677e-01       2.837364162957e+03 
       1.672731740969e-01       2.762524835920e+03 
       1.703801329616e-01       2.699510573467e+03 
       1.734870958973e-01       2.644745243117e+03 
       1.765940626692e-01       2.594714495718e+03 
       1.797010330658e-01       2.546667238713e+03 
       1.828080068941e-01       2.496777803334e+03 
       1.859149839766e-01       2.442913223752e+03 
       1.890219641490e-01       2.383880761806e+03 
       1.921289472587e-01       2.319440637554e+03 
       1.952359331636e-01       2.250202911272e+03 
       1.983429217307e-01       2.177441407010e+03 
       2.014499128355e-01       2.102863054166e+03 
       2.045569063613e-01       2.028359894141e+03 
       2.076639021986e-01       1.955781706308e+03 
       2.107709002442e-01       1.886754413388e+03 
       2.138779004012e-01       1.822550165292e+03 
       2.169849025783e-01       1.764015068186e+03 
       2.200919066893e-01       1.711545627714e+03 
       2.231989126528e-01       1.665108203921e+03 
       2.263059203920e-01       1.624288775909e+03 
       2.294129298343e-01       1.588362237713e+03 
       2.325199409109e-01       1.556380064556e+03 
       2.356269535569e-01       1.527264758959e+03 
       2.387339677104e-01       1.499906879767e+03 
       2.418409833131e-01       1.473259781217e+03 
       2.449480003094e-01       1.446424348297e+03 
       2.480550186467e-01       1.418713756088e+03 
       2.511620382748e-01       1.389698914867e+03 
       2.542690591463e-01       1.359222475618e+03 
       2.573760812157e-01       1.327385369379e+03 
       2.604831044399e-01       1.294507860569e+03 
       2.635901287779e-01       1.261070791329e+03 
       2.666971541906e-01       1.227645563752e+03 
       2.698041806405e-01       1.194824103132e+03 
       2.729112080922e-01       1.163152314035e+03 
       2.760182365114e-01       1.133080731461e+03 
       2.791252658658e-01       1.104928791762e+03 
       2.822322961243e-01       1.078868108746e+03 
       2.853393272572e-01       1.054922892014e+03 
       2.884463592361e-01       1.032983053285e+03 
       2.915533920339e-01       1.012828862475e+03 
       2.946604256243e-01       9.941613211383e+02 
       2.977674599827e-01       9.766367969669e+02 
       3.008744950849e-01       9.599001853401e+02 
       3.039815309081e-01       9.436162873227e+02 
       3.070885674303e-01       9.274954409022e+02 
       3.101956046304e-01       9.113132397414e+02 
       3.133026424882e-01       8.949208465570e+02 
       3.164096809841e-01       8.782503710205e+02 
       3.195167200994e-01       8.613096078820e+02 
       3.226237598162e-01       8.441728090276e+02 
       3.257308001171e-01       8.269643105725e+02 
       3.288378409856e-01       8.098412418258e+02 
       3.319448824056e-01       7.929737131555e+02 
       3.350519243618e-01       7.765267690842e+02 
       3.381589668392e-01       7.606435555615e+02 
       3.412660098235e-01       7.454347041350e+02 
       3.443730533011e-01       7.309688526417e+02 
       3.474800972585e-01       7.172707662398e+02 
       3.505871416830e-01       7.043224908896e+02 
       3.536941865622e-01       6.920684500989e+02 
       3.568012318842e-01       6.804240186390e+02 
       3.599082776375e-01       6.692861662229e+02 
       3.630153238109e-01       6.585440991179e+02 
       3.661223703937e-01       6.480898460096e+02 
       3.692294173755e-01       6.378273526170e+02 
       3.723364647463e-01       6.276794232449e+02 
       3.754435124965e-01       6.175919767415e+02 
       3.785505606165e-01       6.075349123004e+02 
       3.816576090974e-01       5.975017830908e+02 
       3.847646579304e-01       5.875054321712e+02 
       3.878717071069e-01       5.775743888628e+02 
       3.909787566188e-01       5.677470627387e+02 
       3.940858064581e-01       5.580664420644e+02 
       3.971928566170e-01       5.485753714294e+02 
       4.002999070882e-01       5.393117579556e+02 
       4.034069578643e-01       5.303063567527e+02 
       4.065140089384e-01       5.215804474621e+02 
       4.096210603036e-01       5.131452050231e+02 
       4.127281119534e-01       5.050015259599e+02 
       4.158351638812e-01       4.971407848278e+02 
       4.189422160811e-01       4.895467299044e+02 
       4.220492685468e-01       4.821965158432e+02 
       4.251563212725e-01       4.750631284342e+02 
       4.282633742526e-01       4.681174156676e+02 
       4.313704274816e-01       4.613300193247e+02 
       4.344774809541e-01       4.546735025789e+02 
       4.375845346648e-01       4.481240109112e+02 
       4.406915886088e-01       4.416625484775e+02 
       4.437986427811e-01       4.352761466880e+02 
       4.469056971770e-01       4.289578818403e+02 
       4.500127517917e-01       4.227070807646e+02 
       4.531198066208e-01       4.165283375679e+02 
       4.562268616599e-01       4.104308276375e+02 
       4.593339169046e-01       4.044263700580e+02 
       4.624409723510e-01       3.985282507343e+02 
       4.655480279948e-01       3.927493745581e+02 
       4.686550838321e-01       3.871007672117e+02 
       4.717621398592e-01       3.815905463320e+02 
       4.748691960723e-01       3.762228770413e+02 
       4.779762524677e-01       3.709977918718e+02 
       4.810833090419e-01       3.659113329333e+02 
       4.841903657914e-01       3.609558176079e+02 
       4.872974227129e-01       3.561211269443e+02 
       4.904044798031e-01       3.513954099118e+02 
       4.935115370589e-01       3.467664447757e+02 
       4.966185944770e-01       3.422227311545e+02 
       4.997256520544e-01       3.377540918706e+02 
       5.028327097883e-01       3.333525987215e+02 
       5.059397676756e-01       3.290128503212e+02 
       5.090468257136e-01       3.247318360511e+02 
       5.121538838996e-01       3.205089526313e+02 
       5.152609422307e-01       3.163452534105e+02 
       5.183680007046e-01       3.122431815470e+02 
       5.214750593184e-01       3.082057739967e+02 
       5.245821180699e-01       3.042361990517e+02 
       5.276891769564e-01       3.003372561040e+02 
       5.307962359758e-01       2.965110221604e+02 
       5.339032951255e-01       2.927585925499e+02 
       5.370103544034e-01       2.890801941562e+02 
       5.401174138073e-01       2.854750527474e+02 
       5.432244733349e-01       2.819416687162e+02 
       5.463315329842e-01       2.784778020370e+02 
       5.494385927531e-01       2.750807336547e+02 
       5.525456526395e-01       2.717473313905e+02 
       5.556527126415e-01       2.684743700136e+02 
       5.587597727572e-01       2.652585426437e+02 
       5.618668329846e-01       2.620967446497e+02 
       5.649738933219e-01       2.589860195060e+02 
       5.680809537673e-01       2.559237983660e+02 
       5.711880143191e-01       2.529078774060e+02 
       5.742950749755e-01       2.499366136083e+02 
       5.774021357348e-01       2.470089006321e+02 
       5.805091965953e-01       2.441240748256e+02 
       5.836162575555e-01       2.412818206963e+02 
       5.867233186137e-01       2.384822849221e+02 
       5.898303797684e-01       2.357259241987e+02 
       5.929374410181e-01       2.330131454122e+02 
       5.960445023612e-01       2.303442798467e+02 
       5.991515637964e-01       2.277194992745e+02 
       6.022586253222e-01       2.251387984591e+02 
       6.053656869372e-01       2.226017365805e+02 
       6.084727486400e-01       2.201075285849e+02 
       6.115798104293e-01       2.176551230022e+02 
       6.146868723037e-01       2.152432774227e+02 
       6.177939342621e-01       2.128705779703e+02 
       6.209009963030e-01       2.105354866264e+02 
       6.240080584254e-01       2.082365711374e+02 
       6.271151206279e-01       2.059725337297e+02 
       6.302221829094e-01       2.037420844441e+02 
       6.333292452687e-01       2.015441823939e+02 
       6.364363077047e-01       1.993780353690e+02 
       6.395433702162e-01       1.972429082509e+02 
       6.426504328022e-01       1.951381911317e+02 
       6.457574954616e-01       1.930635481576e+02 
       6.488645581933e-01       1.910186402291e+02 
       6.519716209963e-01       1.890030854828e+02 
       6.550786838695e-01       1.870167042619e+02 
       6.581857468120e-01       1.850593144915e+02 
       6.612928098228e-01       1.831305165985e+02 
       6.643998729010e-01       1.812300908559e+02 
       6.675069360455e-01       1.793577526978e+02 
       6.706139992555e-01       1.775130458472e+02 
       6.737210625300e-01       1.756955233687e+02 
       6.768281258682e-01       1.739047210681e+02 
       6.799351892692e-01       1.721398880361e+02 
       6.830422527322e-01       1.704006707244e+02 
       6.861493162562e-01       1.686863542573e+02 
       6.892563798405e-01       1.669961627380e+02 
       6.923634434842e-01       1.653295568475e+02 
       6.954705071866e-01       1.636859523610e+02 
       6.985775709468e-01       1.620648125969e+02 
       7.016846347642e-01       1.604657840532e+02 
       7.047916986379e-01       1.588880917838e+02 
       7.078987625671e-01       1.573317135949e+02 
       7.110058265513e-01       1.557960928078e+02 
       7.141128905895e-01       1.542812489944e+02 
       7.172199546813e-01       1.527866916138e+02 
       7.203270188257e-01       1.513120704631e+02 
       7.234340830223e-01       1.498574912430e+02 
       7.265411472702e-01       1.484224481930e+02 
       7.296482115689e-01       1.470065821527e+02 
       7.974242195319e-01       1.203067801684e+02 
       8.955821931343e-01       9.232281175130e+01 
       1.051707813338e+00       6.368541252037e+01 
       1.298332116954e+00       3.882896212035e+01 
       1.632437189435e+00       2.246519303869e+01 
       2.055081879454e+00       1.284384332117e+01 
       2.587194688887e+00       7.283269640423e+00 
       3.257085139048e+00       4.099367838954e+00 
       4.100427249925e+00       2.291371172733e+00 
       5.162132064144e+00       1.272427517529e+00 
       6.498739234588e+00       7.020994714132e-01 
       8.181427967047e+00       3.849071030656e-01 
       1.029980757248e+01       2.095657809082e-01 
       1.296668948958e+01       1.131974384889e-01 
       1.632409490528e+01       6.054687754053e-02 
       2.055081790080e+01       3.197125877491e-02 
       2.587194688847e+01       1.658530054091e-02 
       3.257085139048e+01       8.386827792885e-03 
       4.100427249925e+01       4.084475423489e-03 
       5.162132064144e+01       1.881468607333e-03 
       6.498739234588e+01       7.963158204517e-04 
       8.181427967047e+01       2.957492899402e-04 
       1.029980757248e+02       8.888658149222e-05 
       1.296668948958e+02       1.824568220027e-05 
       1.632409490528e+02       1.474026831682e-06 
