# Matter power spectrum P(k) at redshift z=0
# for k=1.01244e-05 to 163.241 h/Mpc,
# number of wavenumbers equal to 626
#    1:k (h/Mpc)              2:P (Mpc/h)^3        
       1.012435437063e-05       6.281651834183e+01 
       2.257651330037e-05       1.382121203819e+02 
       3.506965707062e-05       2.118933731607e+02 
       4.763519422182e-05       2.845709344857e+02 
       6.030501951818e-05       3.570939871925e+02 
       7.311177979152e-05       4.297133273995e+02 
       8.608914775804e-05       5.027399360503e+02 
       9.927210722862e-05       5.764895831687e+02 
       1.126972531610e-04       6.512113045544e+02 
       1.264031100318e-04       7.270953760811e+02 
       1.404304720222e-04       8.043906675345e+02 
       1.548227684820e-04       8.833763688055e+02 
       1.696264580355e-04       9.642889239391e+02 
       1.848914544633e-04       1.047398083388e+03 
       2.006715870763e-04       1.132990813902e+03 
       2.170250976101e-04       1.221378677389e+03 
       2.340151745910e-04       1.312884611726e+03 
       2.517105245226e-04       1.407857382237e+03 
       2.701859769335e-04       1.506678756305e+03 
       2.895231170916e-04       1.609747017037e+03 
       3.098109357708e-04       1.717511584664e+03 
       3.311464795705e-04       1.830445479566e+03 
       3.536354776409e-04       1.949057502172e+03 
       3.773929110041e-04       2.073903443047e+03 
       4.025434788690e-04       2.205574383009e+03 
       4.292219025074e-04       2.344702723861e+03 
       4.575729919410e-04       2.491958216987e+03 
       4.877513850600e-04       2.648046748217e+03 
       5.199208549342e-04       2.813701689616e+03 
       5.542530722346e-04       2.989676315631e+03 
       5.909257103065e-04       3.176730781451e+03 
       6.301197960189e-04       3.375615410586e+03 
       6.720162457932e-04       3.587050428203e+03 
       7.167915877150e-04       3.811701191596e+03 
       7.646129584464e-04       4.050151275668e+03 
       8.156325728484e-04       4.302873974200e+03 
       8.699819817592e-04       4.570200747359e+03 
       9.277665379262e-04       4.852297889091e+03 
       9.890605550501e-04       5.149143343425e+03 
       1.053903645098e-03       5.460514296464e+03 
       1.122298639702e-03       5.785980932524e+03 
       1.194211346097e-03       6.124917353347e+03 
       1.269572181179e-03       6.476514732598e+03 
       1.348279509159e-03       6.839774881841e+03 
       1.430204323406e-03       7.213627736847e+03 
       1.515195796064e-03       7.596910412932e+03 
       1.603087185090e-03       7.988397295370e+03 
       1.693701631244e-03       8.386847558014e+03 
       1.786857474953e-03       8.791030757655e+03 
       1.882372846109e-03       9.199757678998e+03 
       1.980069402286e-03       9.611893625708e+03 
       2.079775194261e-03       1.002637779967e+04 
       2.181326713098e-03       1.044223015601e+04 
       2.284570219489e-03       1.085854908618e+04 
       2.389362477613e-03       1.127452986516e+04 
       2.495571018853e-03       1.168943584311e+04 
       2.603074051826e-03       1.210262340957e+04 
       2.711760119816e-03       1.251351635442e+04 
       2.821527588927e-03       1.292160693321e+04 
       2.932284032756e-03       1.332646258212e+04 
       3.043945563558e-03       1.372769256541e+04 
       3.156436146477e-03       1.412496574359e+04 
       3.269686922559e-03       1.451799074055e+04 
       3.383635557749e-03       1.490652753552e+04 
       3.498225628635e-03       1.529036451209e+04 
       3.613406050982e-03       1.566932116897e+04 
       3.729130553682e-03       1.604324398076e+04 
       3.845357198414e-03       1.641200989747e+04 
       3.962047943751e-03       1.677551420424e+04 
       4.079168251444e-03       1.713366966683e+04 
       4.196686732094e-03       1.748641732894e+04 
       4.314574827084e-03       1.783368939155e+04 
       4.432806523638e-03       1.817545928798e+04 
       4.551358099870e-03       1.851169370582e+04 
       4.670207896890e-03       1.884237282236e+04 
       4.789336115161e-03       1.916750365591e+04 
       4.908724632578e-03       1.948707404258e+04 
       5.028356841920e-03       1.980111156375e+04 
       5.148217505561e-03       2.010960607780e+04 
       5.268292625561e-03       2.041259487079e+04 
       5.388569327408e-03       2.071010739733e+04 
       5.509035755916e-03       2.100216255404e+04 
       5.629680981924e-03       2.128881089006e+04 
       5.750494918588e-03       2.157007289563e+04 
       5.871468246215e-03       2.184600379409e+04 
       5.992592344693e-03       2.211662070714e+04 
       6.113859232683e-03       2.238199954850e+04 
       6.235261512838e-03       2.264216087214e+04 
       6.356792322389e-03       2.289716558849e+04 
       6.478445288534e-03       2.314704637211e+04 
       6.600214488102e-03       2.339186036977e+04 
       6.722094411053e-03       2.363165576495e+04 
       6.844079927402e-03       2.386647693041e+04 
       6.966166257218e-03       2.409639218475e+04 
       7.088348943376e-03       2.432142779290e+04 
       7.210623826788e-03       2.454165119271e+04 
       7.332987023851e-03       2.475710537788e+04 
       7.455434905910e-03       2.496785074390e+04 
       7.577964080510e-03       2.517393243567e+04 
       7.700571374289e-03       2.537540211265e+04 
       7.823253817336e-03       2.557231763747e+04 
       7.946008628874e-03       2.576473011138e+04 
       8.068833204154e-03       2.595268642939e+04 
       8.191725102434e-03       2.613624037495e+04 
       8.314682035948e-03       2.631543876299e+04 
       8.437701859770e-03       2.649033748779e+04 
       8.560782562504e-03       2.666097944295e+04 
       8.683922257704e-03       2.682742047723e+04 
       8.807119175985e-03       2.698971264776e+04 
       8.930371657735e-03       2.714789485366e+04 
       9.053678146408e-03       2.730201849737e+04 
       9.177037182320e-03       2.745214543933e+04 
       9.300447396922e-03       2.759831198380e+04 
       9.423907507500e-03       2.774056484610e+04 
       9.547416312280e-03       2.787896308868e+04 
       9.670972685884e-03       2.801354124989e+04 
       9.794575575129e-03       2.814435729752e+04 
       9.918223995127e-03       2.827145307384e+04 
       1.004191702567e-02       2.839487936416e+04 
       1.016565380789e-02       2.851467821404e+04 
       1.028943354110e-02       2.863089846369e+04 
       1.041325547995e-02       2.874358310629e+04 
       1.053711893172e-02       2.885277931656e+04 
       1.066102325379e-02       2.895853073465e+04 
       1.078496785137e-02       2.906088345779e+04 
       1.090895217527e-02       2.915987942193e+04 
       1.103297571997e-02       2.925555870147e+04 
       1.115703802164e-02       2.934796936061e+04 
       1.128113865651e-02       2.943714603952e+04 
       1.140527723914e-02       2.952313746581e+04 
       1.152945342100e-02       2.960598065890e+04 
       1.165366688899e-02       2.968571371015e+04 
       1.177791736419e-02       2.976238251086e+04 
       1.190220460059e-02       2.983602028375e+04 
       1.202652838399e-02       2.990667968610e+04 
       1.215088853095e-02       2.997438521841e+04 
       1.227528488777e-02       3.003917845064e+04 
       1.239971732963e-02       3.010110079163e+04 
       1.252418575971e-02       3.016017776831e+04 
       1.264869010844e-02       3.021645830431e+04 
       1.277323033273e-02       3.026997361599e+04 
       1.289780641534e-02       3.032076143982e+04 
       1.302241836424e-02       3.036885454397e+04 
       1.314706621207e-02       3.041428571131e+04 
       1.327175001556e-02       3.045708695267e+04 
       1.339646985508e-02       3.049729563687e+04 
       1.352122583423e-02       3.053493165554e+04 
       1.364601807936e-02       3.057004104771e+04 
       1.377084673929e-02       3.060265212986e+04 
       1.389571198492e-02       3.063279893066e+04 
       1.402061400895e-02       3.066051258568e+04 
       1.414555302563e-02       3.068581811858e+04 
       1.427052927050e-02       3.070874963272e+04 
       1.439554300018e-02       3.072934188663e+04 
       1.452059449225e-02       3.074761982151e+04 
       1.464568404502e-02       3.076362349013e+04 
       1.477081197744e-02       3.077736848142e+04 
       1.489597862900e-02       3.078890142646e+04 
       1.502118435966e-02       3.079823875900e+04 
       1.514642954977e-02       3.080542002341e+04 
       1.527171460003e-02       3.081045860978e+04 
       1.539703993154e-02       3.081339503033e+04 
       1.552240598572e-02       3.081425652595e+04 
       1.564781322442e-02       3.081306826692e+04 
       1.577326212989e-02       3.080986144201e+04 
       1.589875320493e-02       3.080466199034e+04 
       1.602428697292e-02       3.079749630196e+04 
       1.614986397792e-02       3.078839831686e+04 
       1.627548478484e-02       3.077739403645e+04 
       1.640114997954e-02       3.076450470355e+04 
       1.652686016901e-02       3.074976608110e+04 
       1.665261598151e-02       3.073321063469e+04 
       1.677841806681e-02       3.071485237213e+04 
       1.690426709636e-02       3.069472320995e+04 
       1.703016376355e-02       3.067285209726e+04 
       1.715610878390e-02       3.064926887489e+04 
       1.728210289537e-02       3.062399633621e+04 
       1.740814685862e-02       3.059706194145e+04 
       1.753424145727e-02       3.056848898337e+04 
       1.766038749826e-02       3.053830781047e+04 
       1.778658581213e-02       3.050654192614e+04 
       1.791283725339e-02       3.047321442531e+04 
       1.803914270084e-02       3.043835945866e+04 
       1.816550305798e-02       3.040199536397e+04 
       1.829191925340e-02       3.036414565555e+04 
       1.841839224117e-02       3.032483984905e+04 
       1.854492300125e-02       3.028409694313e+04 
       1.867151253997e-02       3.024194464420e+04 
       1.879816189048e-02       3.019840405871e+04 
       1.892487211319e-02       3.015349873700e+04 
       1.905164429633e-02       3.010725775271e+04 
       1.917847955640e-02       3.005969389713e+04 
       1.930537903875e-02       3.001083825772e+04 
       1.943234391810e-02       2.996070985174e+04 
       1.955937539914e-02       2.990932773123e+04 
       1.968647471708e-02       2.985671800887e+04 
       1.981364313832e-02       2.980290573357e+04 
       1.994088196101e-02       2.974790361791e+04 
       2.006819251579e-02       2.969173790473e+04 
       2.019557616637e-02       2.963443523561e+04 
       2.032303431031e-02       2.957600052913e+04 
       2.045056837967e-02       2.951646737928e+04 
       2.057817984182e-02       2.945586573541e+04 
       2.070587020016e-02       2.939419479720e+04 
       2.083364099492e-02       2.933148551989e+04 
       2.096149380398e-02       2.926775842973e+04 
       2.108943024374e-02       2.920303140931e+04 
       2.121745196994e-02       2.913732645791e+04 
       2.134556067858e-02       2.907065899462e+04 
       2.147375810686e-02       2.900305666735e+04 
       2.160204603412e-02       2.893453825208e+04 
       2.173042628282e-02       2.886510991718e+04 
       2.185890071957e-02       2.879481444200e+04 
       2.198747125615e-02       2.872363981701e+04 
       2.211613985062e-02       2.865163380044e+04 
       2.224490850842e-02       2.857879894705e+04 
       2.237377928353e-02       2.850516198947e+04 
       2.250275427963e-02       2.843073381904e+04 
       2.263183565135e-02       2.835554104820e+04 
       2.276102560551e-02       2.827958933697e+04 
       2.289032640245e-02       2.820290811728e+04 
       2.301974035734e-02       2.812551136017e+04 
       2.314926984158e-02       2.804741708802e+04 
       2.327891728424e-02       2.796864083306e+04 
       2.340868517353e-02       2.788920001258e+04 
       2.353857605831e-02       2.780910648025e+04 
       2.366859254967e-02       2.772839562204e+04 
       2.379873732257e-02       2.764705852815e+04 
       2.392901311750e-02       2.756512959505e+04 
       2.405942274222e-02       2.748261117347e+04 
       2.418996907353e-02       2.739952957430e+04 
       2.432065505917e-02       2.731589418833e+04 
       2.445148371965e-02       2.723172537211e+04 
       2.458245815030e-02       2.714703548342e+04 
       2.471358152325e-02       2.706184137748e+04 
       2.484485708960e-02       2.697615196741e+04 
       2.497628818154e-02       2.688999217847e+04 
       2.510787821464e-02       2.680336132116e+04 
       2.523963069017e-02       2.671628712305e+04 
       2.537154919753e-02       2.662877633648e+04 
       2.550363741670e-02       2.654085000937e+04 
       2.563589912090e-02       2.645251455258e+04 
       2.576833817920e-02       2.636378681697e+04 
       2.590095855931e-02       2.627468397160e+04 
       2.603376433046e-02       2.618520976724e+04 
       2.616675966636e-02       2.609538095813e+04 
       2.629994884827e-02       2.600521213744e+04 
       2.643333626823e-02       2.591472101361e+04 
       2.656692643232e-02       2.582391543696e+04 
       2.670072396410e-02       2.573280612121e+04 
       2.683473360822e-02       2.564141049044e+04 
       2.696896023401e-02       2.554972637537e+04 
       2.710340883942e-02       2.545778370368e+04 
       2.723808455491e-02       2.536558520268e+04 
       2.737299264762e-02       2.527314306454e+04 
       2.750813852564e-02       2.518046902122e+04 
       2.764352774247e-02       2.508757556599e+04 
       2.777916600163e-02       2.499447046435e+04 
       2.791505916150e-02       2.490116537790e+04 
       2.805121324029e-02       2.480766858057e+04 
       2.818763442125e-02       2.471399618783e+04 
       2.832432905806e-02       2.462015324425e+04 
       2.846130368051e-02       2.452615272404e+04 
       2.859856500031e-02       2.443200045206e+04 
       2.873611991719e-02       2.433770612247e+04 
       2.887397552532e-02       2.424328565721e+04 
       2.901213911986e-02       2.414874098997e+04 
       2.915061820390e-02       2.405408363596e+04 
       2.928942049566e-02       2.395932576841e+04 
       2.942855393599e-02       2.386446447369e+04 
       2.956802669622e-02       2.376952052404e+04 
       2.970784718632e-02       2.367449838658e+04 
       2.984802406347e-02       2.357940727474e+04 
       2.998856624096e-02       2.348424903003e+04 
       3.012948289755e-02       2.338903654512e+04 
       3.027078348716e-02       2.329377569338e+04 
       3.041247774913e-02       2.319847186086e+04 
       3.055457571886e-02       2.310313906790e+04 
       3.069708773900e-02       2.300777893078e+04 
       3.084002447110e-02       2.291240022822e+04 
       3.098339690791e-02       2.281700197184e+04 
       3.112721638622e-02       2.272159958697e+04 
       3.127149460029e-02       2.262620081988e+04 
       3.141624361599e-02       2.253080092755e+04 
       3.156147588564e-02       2.243541958596e+04 
       3.170720426359e-02       2.234004429826e+04 
       3.185344202251e-02       2.224469342185e+04 
       3.200020287063e-02       2.214937476558e+04 
       3.214750096979e-02       2.205408280622e+04 
       3.229535095447e-02       2.195883352659e+04 
       3.244376795177e-02       2.186362116686e+04 
       3.259276760252e-02       2.176845318001e+04 
       3.274236608345e-02       2.167333827065e+04 
       3.289258013066e-02       2.157827401947e+04 
       3.304342706423e-02       2.148326730150e+04 
       3.319492481439e-02       2.138832109322e+04 
       3.334709194897e-02       2.129343973020e+04 
       3.349994770252e-02       2.119862931095e+04 
       3.365351200709e-02       2.110388208501e+04 
       3.380780552473e-02       2.100921414598e+04 
       3.396284968198e-02       2.091462212826e+04 
       3.411866670635e-02       2.082010788507e+04 
       3.427527966501e-02       2.072567212543e+04 
       3.443271250581e-02       2.063131880425e+04 
       3.459099010090e-02       2.053705065813e+04 
       3.475013829293e-02       2.044286888126e+04 
       3.491018394429e-02       2.034876824957e+04 
       3.507115498941e-02       2.025475745165e+04 
       3.523308049046e-02       2.016083816426e+04 
       3.539599069672e-02       2.006700356768e+04 
       3.555991710782e-02       1.997326456710e+04 
       3.572489254129e-02       1.987961262122e+04 
       3.589095120464e-02       1.978605026308e+04 
       3.605812877248e-02       1.969256998236e+04 
       3.622646246891e-02       1.959918171640e+04 
       3.639599115585e-02       1.950587855864e+04 
       3.656675542765e-02       1.941266174073e+04 
       3.673879771261e-02       1.931953139318e+04 
       3.691216238191e-02       1.922647930075e+04 
       3.708689586680e-02       1.913350857182e+04 
       3.726304678461e-02       1.904061336425e+04 
       3.744066607448e-02       1.894779287761e+04 
       3.761980714371e-02       1.885504599136e+04 
       3.780052602572e-02       1.876236701104e+04 
       3.798288155069e-02       1.866975282572e+04 
       3.816693553025e-02       1.857719855483e+04 
       3.835275295744e-02       1.848469756701e+04 
       3.854040222357e-02       1.839225028911e+04 
       3.872995535372e-02       1.829984290676e+04 
       3.892148826273e-02       1.820747723583e+04 
       3.911508103392e-02       1.811514845142e+04 
       3.931081822295e-02       1.802284124310e+04 
       3.950878918951e-02       1.793055436806e+04 
       3.970908846004e-02       1.783828011197e+04 
       3.991181612487e-02       1.774600714782e+04 
       4.011707827371e-02       1.765373001245e+04 
       4.032498747418e-02       1.756143597164e+04 
       4.053566329822e-02       1.746911898362e+04 
       4.074923290237e-02       1.737676667636e+04 
       4.096583166856e-02       1.728435996682e+04 
       4.118560391295e-02       1.719189897104e+04 
       4.140870367158e-02       1.709936418599e+04 
       4.163529557302e-02       1.700674250128e+04 
       4.186555580936e-02       1.691401832467e+04 
       4.209967321929e-02       1.682117444674e+04 
       4.233785049860e-02       1.672819479704e+04 
       4.258030555632e-02       1.663506366661e+04 
       4.282727303770e-02       1.654175559280e+04 
       4.307900603871e-02       1.644825414053e+04 
       4.333577804114e-02       1.635453428528e+04 
       4.359788510265e-02       1.626057467462e+04 
       4.386564834205e-02       1.616634243060e+04 
       4.413941676807e-02       1.607181679331e+04 
       4.441957050858e-02       1.597696141286e+04 
       4.470652450865e-02       1.588174697001e+04 
       4.500073277934e-02       1.578613153983e+04 
       4.530269329587e-02       1.569008069058e+04 
       4.561295366440e-02       1.559355056073e+04 
       4.593211770222e-02       1.549649339746e+04 
       4.626085310781e-02       1.539885567059e+04 
       4.659990043694e-02       1.530057870778e+04 
       4.695008365055e-02       1.520160244435e+04 
       4.731232256269e-02       1.510185362681e+04 
       4.768764759559e-02       1.500125223449e+04 
       4.807721734928e-02       1.489970737866e+04 
       4.848233961994e-02       1.479712240920e+04 
       4.890449666349e-02       1.469337587860e+04 
       4.934537570708e-02       1.458833800064e+04 
       4.980690597456e-02       1.448185141333e+04 
       5.029130382542e-02       1.437373866862e+04 
       5.080112802801e-02       1.426378498969e+04 
       5.133934771036e-02       1.415173672228e+04 
       5.190942616701e-02       1.403729148338e+04 
       5.251542443658e-02       1.392007542264e+04 
       5.316212934984e-02       1.379962582626e+04 
       5.385521142998e-02       1.367536759238e+04 
       5.460141825305e-02       1.354657238090e+04 
       5.540880790015e-02       1.341229632214e+04 
       5.628702345036e-02       1.327131085792e+04 
       5.724760021611e-02       1.312199140350e+04 
       5.830427749989e-02       1.296217049349e+04 
       5.947324778150e-02       1.278893331959e+04 
       6.077320744731e-02       1.259836371573e+04 
       6.222496683482e-02       1.238526786015e+04 
       6.385025041305e-02       1.214294070187e+04 
       6.566925916097e-02       1.186321152424e+04 
       6.769679213528e-02       1.153712252523e+04 
       6.993750885514e-02       1.115659534285e+04 
       7.238217061956e-02       1.071718578182e+04 
       7.500736963146e-02       1.022107418910e+04 
       7.777986255782e-02       9.678776459454e+03 
       8.066363182571e-02       9.108322844772e+03 
       8.362615549167e-02       8.532156885941e+03 
       8.664167265560e-02       7.973173747896e+03 
       8.969158129985e-02       7.451296112591e+03 
       9.276326925710e-02       6.981292968265e+03 
       9.584853254810e-02       6.571893975928e+03 
       9.894217417661e-02       6.225911217638e+03 
       1.020409561875e-01       5.940986617603e+03 
       1.051428817430e-01       5.710653693096e+03 
       1.082467270309e-01       5.525475509081e+03 
       1.113517447679e-01       5.374183239779e+03 
       1.144574795942e-01       5.244765609890e+03 
       1.175636543131e-01       5.125526493890e+03 
       1.206701002210e-01       5.006087063597e+03 
       1.237767145984e-01       4.878250869441e+03 
       1.268834348309e-01       4.736631880184e+03 
       1.299902226757e-01       4.578947864378e+03 
       1.330970547021e-01       4.405911315171e+03 
       1.362039164873e-01       4.220764715019e+03 
       1.393107990907e-01       4.028548627588e+03 
       1.424176969139e-01       3.835244458468e+03 
       1.455246064002e-01       3.646935678559e+03 
       1.486315252443e-01       3.469094397140e+03 
       1.517384519116e-01       3.306061592432e+03 
       1.548453853458e-01       3.160737363737e+03 
       1.579523247902e-01       3.034473760515e+03 
       1.610592696785e-01       2.927134991450e+03 
       1.641662195677e-01       2.837283576455e+03 
       1.672731740969e-01       2.762446596040e+03 
       1.703801329616e-01       2.699434358137e+03 
       1.734870958973e-01       2.644670788741e+03 
       1.765940626692e-01       2.594641707900e+03 
       1.797010330658e-01       2.546595698377e+03 
       1.828080068941e-01       2.496708342929e+03 
       1.859149839766e-01       2.442845158038e+03 
       1.890219641490e-01       2.383814760203e+03 
       1.921289472587e-01       2.319376673246e+03 
       1.952359331636e-01       2.250141146952e+03 
       1.983429217307e-01       2.177382109666e+03 
       2.014499128355e-01       2.102805904985e+03 
       2.045569063613e-01       2.028305065845e+03 
       2.076639021986e-01       1.955728975408e+03 
       2.107709002442e-01       1.886703900992e+03 
       2.138779004012e-01       1.822501740419e+03 
       2.169849025783e-01       1.763968556929e+03 
       2.200919066893e-01       1.711500641129e+03 
       2.231989126528e-01       1.665064754317e+03 
       2.263059203920e-01       1.624246632271e+03 
       2.294129298343e-01       1.588321233142e+03 
       2.325199409109e-01       1.556340184185e+03 
       2.356269535569e-01       1.527225819526e+03 
       2.387339677104e-01       1.499868912853e+03 
       2.418409833131e-01       1.473222619841e+03 
       2.449480003094e-01       1.446387962069e+03 
       2.480550186467e-01       1.418678396806e+03 
       2.511620382748e-01       1.389664479744e+03 
       2.542690591463e-01       1.359188986766e+03 
       2.573760812157e-01       1.327352849687e+03 
       2.604831044399e-01       1.294476445115e+03 
       2.635901287779e-01       1.261040464483e+03 
       2.666971541906e-01       1.227616250745e+03 
       2.698041806405e-01       1.194795819475e+03 
       2.729112080922e-01       1.163125058793e+03 
       2.760182365114e-01       1.133054371506e+03 
       2.791252658658e-01       1.104903436817e+03 
       2.822322961243e-01       1.078843474124e+03 
       2.853393272572e-01       1.054899053728e+03 
       2.884463592361e-01       1.032959905382e+03 
       2.915533920339e-01       1.012806363309e+03 
       2.946604256243e-01       9.941394295570e+02 
       2.977674599827e-01       9.766153836070e+02 
       3.008744950849e-01       9.598794511412e+02 
       3.039815309081e-01       9.435960535136e+02 
       3.070885674303e-01       9.274757616319e+02 
       3.101956046304e-01       9.112941028600e+02 
       3.133026424882e-01       8.949022134317e+02 
       3.164096809841e-01       8.782323046131e+02 
       3.195167200994e-01       8.612920652492e+02 
       3.226237598162e-01       8.441558248971e+02 
       3.257308001171e-01       8.269478904872e+02 
       3.288378409856e-01       8.098253632059e+02 
       3.319448824056e-01       7.929584106043e+02 
       3.350519243618e-01       7.765119111477e+02 
       3.381589668392e-01       7.606292338499e+02 
       3.412660098235e-01       7.454208506372e+02 
       3.443730533011e-01       7.309554614782e+02 
       3.474800972585e-01       7.172578355659e+02 
       3.505871416830e-01       7.043099719599e+02 
       3.536941865622e-01       6.920563042345e+02 
       3.568012318842e-01       6.804122599675e+02 
       3.599082776375e-01       6.692747716036e+02 
       3.630153238109e-01       6.585330137812e+02 
       3.661223703937e-01       6.480791639366e+02 
       3.692294173755e-01       6.378170073862e+02 
       3.723364647463e-01       6.276694203871e+02 
       3.754435124965e-01       6.175823031185e+02 
       3.785505606165e-01       6.075256328575e+02 
       3.816576090974e-01       5.974927511233e+02 
       3.847646579304e-01       5.874967191766e+02 
       3.878717071069e-01       5.775659896405e+02 
       3.909787566188e-01       5.677389851974e+02 
       3.940858064581e-01       5.580587380917e+02 
       3.971928566170e-01       5.485679052275e+02 
       4.002999070882e-01       5.393045906864e+02 
       4.034069578643e-01       5.302995282323e+02 
       4.065140089384e-01       5.215738391389e+02 
       4.096210603036e-01       5.131389216074e+02 
       4.127281119534e-01       5.049954472189e+02 
       4.158351638812e-01       4.971349477011e+02 
       4.189422160811e-01       4.895411530501e+02 
       4.220492685468e-01       4.821911816694e+02 
       4.251563212725e-01       4.750579827162e+02 
       4.282633742526e-01       4.681125314825e+02 
       4.313704274816e-01       4.613253536128e+02 
       4.344774809541e-01       4.546690669986e+02 
       4.375845346648e-01       4.481197753735e+02 
       4.406915886088e-01       4.416585269016e+02 
       4.437986427811e-01       4.352723320406e+02 
       4.469056971770e-01       4.289542472062e+02 
       4.500127517917e-01       4.227036241540e+02 
       4.531198066208e-01       4.165251275488e+02 
       4.562268616599e-01       4.104278130944e+02 
       4.593339169046e-01       4.044235389335e+02 
       4.624409723510e-01       3.985256146713e+02 
       4.655480279948e-01       3.927469177794e+02 
       4.686550838321e-01       3.870984948365e+02 
       4.717621398592e-01       3.815884396533e+02 
       4.748691960723e-01       3.762209400161e+02 
       4.779762524677e-01       3.709960255367e+02 
       4.810833090419e-01       3.659097201418e+02 
       4.841903657914e-01       3.609543746944e+02 
       4.872974227129e-01       3.561198389100e+02 
       4.904044798031e-01       3.513942820318e+02 
       4.935115370589e-01       3.467654629502e+02 
       4.966185944770e-01       3.422218948512e+02 
       4.997256520544e-01       3.377533957160e+02 
       5.028327097883e-01       3.333520439415e+02 
       5.059397676756e-01       3.290124330862e+02 
       5.090468257136e-01       3.247315694175e+02 
       5.121538838996e-01       3.205087995206e+02 
       5.152609422307e-01       3.163452445062e+02 
       5.183680007046e-01       3.122433014267e+02 
       5.214750593184e-01       3.082060195530e+02 
       5.245821180699e-01       3.042365608164e+02 
       5.276891769564e-01       3.003377489915e+02 
       5.307962359758e-01       2.965116344942e+02 
       5.339032951255e-01       2.927593343033e+02 
       5.370103544034e-01       2.890810419867e+02 
       5.401174138073e-01       2.854760097380e+02 
       5.432244733349e-01       2.819427418078e+02 
       5.463315329842e-01       2.784789828319e+02 
       5.494385927531e-01       2.750820211872e+02 
       5.525456526395e-01       2.717487252539e+02 
       5.556527126415e-01       2.684758618743e+02 
       5.587597727572e-01       2.652601422226e+02 
       5.618668329846e-01       2.620984391795e+02 
       5.649738933219e-01       2.589878192708e+02 
       5.680809537673e-01       2.559257102441e+02 
       5.711880143191e-01       2.529098640131e+02 
       5.742950749755e-01       2.499386993250e+02 
       5.774021357348e-01       2.470110649334e+02 
       5.805091965953e-01       2.441263383296e+02 
       5.836162575555e-01       2.412841631525e+02 
       5.867233186137e-01       2.384847198172e+02 
       5.898303797684e-01       2.357284486604e+02 
       5.929374410181e-01       2.330157569076e+02 
       5.960445023612e-01       2.303469730867e+02 
       5.991515637964e-01       2.277222727995e+02 
       6.022586253222e-01       2.251416504261e+02 
       6.053656869372e-01       2.226046699543e+02 
       6.084727486400e-01       2.201105383495e+02 
       6.115798104293e-01       2.176581939895e+02 
       6.146868723037e-01       2.152464331591e+02 
       6.177939342621e-01       2.128738118295e+02 
       6.209009963030e-01       2.105387864579e+02 
       6.240080584254e-01       2.082399446789e+02 
       6.271151206279e-01       2.059759763527e+02 
       6.302221829094e-01       2.037455942452e+02 
       6.333292452687e-01       2.015477611636e+02 
       6.364363077047e-01       1.993816869091e+02 
       6.395433702162e-01       1.972466118020e+02 
       6.426504328022e-01       1.951419642052e+02 
       6.457574954616e-01       1.930673840094e+02 
       6.488645581933e-01       1.910225398319e+02 
       6.519716209963e-01       1.890070417293e+02 
       6.550786838695e-01       1.870207284316e+02 
       6.581857468120e-01       1.850633933423e+02 
       6.612928098228e-01       1.831346507715e+02 
       6.643998729010e-01       1.812342859012e+02 
       6.675069360455e-01       1.793620038237e+02 
       6.706139992555e-01       1.775173552561e+02 
       6.737210625300e-01       1.756998868217e+02 
       6.768281258682e-01       1.739091362256e+02 
       6.799351892692e-01       1.721443544914e+02 
       6.830422527322e-01       1.704051898678e+02 
       6.861493162562e-01       1.686909248456e+02 
       6.892563798405e-01       1.670007925007e+02 
       6.923634434842e-01       1.653341536117e+02 
       6.954705071866e-01       1.636907076763e+02 
       6.985775709468e-01       1.620694107740e+02 
       7.016846347642e-01       1.604705598147e+02 
       7.047916986379e-01       1.588929509960e+02 
       7.078987625671e-01       1.573366502451e+02 
       7.110058265513e-01       1.558010821866e+02 
       7.141128905895e-01       1.542862440112e+02 
       7.172199546813e-01       1.527917410792e+02 
       7.203270188257e-01       1.513171570811e+02 
       7.234340830223e-01       1.498626161229e+02 
       7.265411472702e-01       1.484275420674e+02 
       7.296482115689e-01       1.470117894144e+02 
       7.974242195319e-01       1.203127468861e+02 
       8.955821931343e-01       9.232951748287e+01 
       1.051707813338e+00       6.369277269783e+01 
       1.298332116954e+00       3.883669243073e+01 
       1.632437189435e+00       2.247291101529e+01 
       2.055081879454e+00       1.285127814866e+01 
       2.587194688887e+00       7.290247911718e+00 
       3.257085139048e+00       4.105808303307e+00 
       4.100427249925e+00       2.297234970950e+00 
       5.162132064144e+00       1.277700112770e+00 
       6.498739234588e+00       7.068025300918e-01 
       8.181427967047e+00       3.890673380077e-01 
       1.029980757248e+01       2.132021807852e-01 
       1.296668948958e+01       1.163491159074e-01 
       1.632409490528e+01       6.325292570086e-02 
       2.055081790080e+01       3.426638201191e-02 
       2.587194688847e+01       1.850214662445e-02 
       3.257085139048e+01       9.959097254964e-03 
       4.100427249925e+01       5.343864705743e-03 
       5.162132064144e+01       2.858100145237e-03 
       6.498739234588e+01       1.523091612273e-03 
       8.181427967047e+01       8.081135173284e-04 
       1.029980757248e+02       4.263331543659e-04 
       1.296668948958e+02       2.231562951408e-04 
       1.632409490528e+02       1.155192449464e-04 
