# Matter power spectrum P(k) at redshift z=0
# for k=1.024e-05 to 131.393 h/Mpc,
# number of wavenumbers equal to 625
#    1:k (h/Mpc)              2:P (Mpc/h)^3        
       1.024000332904e-05       6.237953895408e+01 
       2.280552461713e-05       1.342146421081e+02 
       3.541321842686e-05       2.053278235840e+02 
       4.809536248710e-05       2.756327903877e+02 
       6.088474376952e-05       3.456837843756e+02 
       7.381493674943e-05       4.159647829000e+02 
       8.692059016445e-05       4.866964548062e+02 
       1.002377259138e-04       5.581320019660e+02 
       1.138040537698e-04       6.304676577816e+02 
       1.276593056052e-04       7.039961450295e+02 
       1.418455928511e-04       7.789271480322e+02 
       1.564077908683e-04       8.555075167692e+02 
       1.713939537924e-04       9.340047956874e+02 
       1.868557631539e-04       1.014680377282e+03 
       2.028490131011e-04       1.097810562555e+03 
       2.194341342760e-04       1.183701750407e+03 
       2.366767571814e-04       1.272679584533e+03 
       2.546483140752e-04       1.365088218395e+03 
       2.734266758359e-04       1.461308115488e+03 
       2.930968166060e-04       1.561738250386e+03 
       3.137514940720e-04       1.666818100491e+03 
       3.354919266398e-04       1.777019655861e+03 
       3.584284402242e-04       1.892857789213e+03 
       3.826810466122e-04       2.014879279420e+03 
       4.083799022941e-04       2.143673566911e+03 
       4.356655814603e-04       2.279866774201e+03 
       4.646890802524e-04       2.424126939749e+03 
       4.956114527848e-04       2.577152733726e+03 
       5.286029654524e-04       2.739669022379e+03 
       5.638416484241e-04       2.912417981021e+03 
       6.015111271569e-04       3.096146412158e+03 
       6.417976383870e-04       3.291586434240e+03 
       6.848861804694e-04       3.499435842059e+03 
       7.309558213851e-04       3.720333351487e+03 
       7.801742889150e-04       3.954831546455e+03 
       8.326920888000e-04       4.203365792970e+03 
       8.886365212960e-04       4.466230943364e+03 
       9.481060689878e-04       4.743554409789e+03 
       1.011165679607e-03       5.035275473512e+03 
       1.077843441892e-03       5.341138623620e+03 
       1.148129039684e-03       5.660691483665e+03 
       1.221974180741e-03       5.993294249955e+03 
       1.299294965623e-03       6.338139260681e+03 
       1.379975935554e-03       6.694235621197e+03 
       1.463875362660e-03       7.060561385715e+03 
       1.550831252532e-03       7.435995669567e+03 
       1.640667525353e-03       7.819370710356e+03 
       1.733199913602e-03       8.209512429318e+03 
       1.828241233237e-03       8.605263046612e+03 
       1.925605819936e-03       9.005514169466e+03 
       2.025113046725e-03       9.409200858294e+03 
       2.126589938212e-03       9.815331069075e+03 
       2.229872964014e-03       1.022299136484e+04 
       2.334809131420e-03       1.063133914753e+04 
       2.441256510756e-03       1.103961304085e+04 
       2.549084323615e-03       1.144712645244e+04 
       2.658172710728e-03       1.185326105737e+04 
       2.768412278116e-03       1.225747550466e+04 
       2.879703500958e-03       1.265928205694e+04 
       2.991956046557e-03       1.305825570433e+04 
       3.105088062073e-03       1.345402324275e+04 
       3.219025459678e-03       1.384625446362e+04 
       3.333701221479e-03       1.423467096402e+04 
       3.449054738646e-03       1.461901920880e+04 
       3.565031193278e-03       1.499909413847e+04 
       3.681580987298e-03       1.537470626992e+04 
       3.798659219665e-03       1.574571114632e+04 
       3.916225211198e-03       1.611196180905e+04 
       4.034242074984e-03       1.647335712268e+04 
       4.152676329593e-03       1.682980350212e+04 
       4.271497551886e-03       1.718122511772e+04 
       4.390678066053e-03       1.752755723662e+04 
       4.510192665559e-03       1.786875615329e+04 
       4.630018364750e-03       1.820477376557e+04 
       4.750134177111e-03       1.853558625828e+04 
       4.870520917354e-03       1.886118177913e+04 
       4.991161024784e-03       1.918156356510e+04 
       5.112038405596e-03       1.949673381903e+04 
       5.233138292024e-03       1.980666309925e+04 
       5.354447116461e-03       2.011140529425e+04 
       5.475952398867e-03       2.041095899137e+04 
       5.597642645989e-03       2.070533670167e+04 
       5.719507261061e-03       2.099457640385e+04 
       5.841536462814e-03       2.127868529288e+04 
       5.963721212762e-03       2.155772544293e+04 
       6.086053149852e-03       2.183170380291e+04 
       6.208524531653e-03       2.210066550093e+04 
       6.331128181381e-03       2.236464804686e+04 
       6.453857440120e-03       2.262368187161e+04 
       6.576706123682e-03       2.287780821090e+04 
       6.699668483604e-03       2.312707029397e+04 
       6.822739171853e-03       2.337153278511e+04 
       6.945913208841e-03       2.361120249075e+04 
       7.069185954408e-03       2.384614052885e+04 
       7.192553081474e-03       2.407639428660e+04 
       7.316010552073e-03       2.430198341360e+04 
       7.439554595549e-03       2.452299139547e+04 
       7.563181688673e-03       2.473950736873e+04 
       7.686888537518e-03       2.495145167267e+04 
       7.810672060896e-03       2.515894371558e+04 
       7.934529375221e-03       2.536201514425e+04 
       8.058457780658e-03       2.556071303660e+04 
       8.182454748428e-03       2.575510976091e+04 
       8.306517909175e-03       2.594522154130e+04 
       8.430645042284e-03       2.613110194533e+04 
       8.554834066068e-03       2.631279046537e+04 
       8.679083028747e-03       2.649033812326e+04 
       8.803390100142e-03       2.666379093084e+04 
       8.927753564027e-03       2.683318907731e+04 
       9.052171811078e-03       2.699857883820e+04 
       9.176643332364e-03       2.716001057242e+04 
       9.301166713341e-03       2.731752329873e+04 
       9.425740628300e-03       2.747115644741e+04 
       9.550363835234e-03       2.762095883362e+04 
       9.675035171088e-03       2.776698211654e+04 
       9.799753547357e-03       2.790925110586e+04 
       9.924517946014e-03       2.804782635459e+04 
       1.004932741573e-02       2.818273201071e+04 
       1.017418106837e-02       2.831401906726e+04 
       1.029907807574e-02       2.844171886267e+04 
       1.042401766656e-02       2.856588648819e+04 
       1.054899912366e-02       2.868654849283e+04 
       1.067402178140e-02       2.880375802829e+04 
       1.079908502319e-02       2.891756413503e+04 
       1.092418827927e-02       2.902798984479e+04 
       1.104933102464e-02       2.913508373584e+04 
       1.117451277704e-02       2.923887831555e+04 
       1.129973309520e-02       2.933941352791e+04 
       1.142499157710e-02       2.943673159259e+04 
       1.155028785843e-02       2.953085849074e+04 
       1.167562161111e-02       2.962183545085e+04 
       1.180099254194e-02       2.970970403615e+04 
       1.192640039132e-02       2.979449482485e+04 
       1.205184493206e-02       2.987624918681e+04 
       1.217732596834e-02       2.995501364238e+04 
       1.230284333460e-02       3.003080977039e+04 
       1.242839689469e-02       3.010366799642e+04 
       1.255398654091e-02       3.017363323075e+04 
       1.267961219325e-02       3.024075051894e+04 
       1.280527379862e-02       3.030504590834e+04 
       1.293097133013e-02       3.036644432134e+04 
       1.305670478647e-02       3.042518991288e+04 
       1.318247419131e-02       3.048111717621e+04 
       1.330827959275e-02       3.053444458695e+04 
       1.343412106281e-02       3.058511195998e+04 
       1.355999869697e-02       3.063314982694e+04 
       1.368591261376e-02       3.067860321273e+04 
       1.381186295437e-02       3.072149075367e+04 
       1.393784988230e-02       3.076186100574e+04 
       1.406387358304e-02       3.079972756258e+04 
       1.418993426380e-02       3.083512448978e+04 
       1.431603215326e-02       3.086809771509e+04 
       1.444216750136e-02       3.089865867921e+04 
       1.456834057907e-02       3.092686696484e+04 
       1.469455167827e-02       3.095267373439e+04 
       1.482080111159e-02       3.097625123559e+04 
       1.494708921230e-02       3.099746037323e+04 
       1.507341633423e-02       3.101634154010e+04 
       1.519978285168e-02       3.103326906955e+04 
       1.532618915940e-02       3.104790971039e+04 
       1.545263567257e-02       3.106034733364e+04 
       1.557912282678e-02       3.107062121021e+04 
       1.570565107806e-02       3.107870281118e+04 
       1.583222090294e-02       3.108486033768e+04 
       1.595883279846e-02       3.108898505324e+04 
       1.608548728231e-02       3.109095303574e+04 
       1.621218489289e-02       3.109094905706e+04 
       1.633892618941e-02       3.108916889244e+04 
       1.646571175207e-02       3.108531580270e+04 
       1.659254218217e-02       3.107950414277e+04 
       1.671941810232e-02       3.107173325989e+04 
       1.684634015656e-02       3.106229114322e+04 
       1.697330901063e-02       3.105101736067e+04 
       1.710032535216e-02       3.103791518550e+04 
       1.722738989088e-02       3.102290172460e+04 
       1.735450335894e-02       3.100622300329e+04 
       1.748166651109e-02       3.098781246882e+04 
       1.760888012505e-02       3.096756434106e+04 
       1.773614500174e-02       3.094572822635e+04 
       1.786346196567e-02       3.092231843564e+04 
       1.799083186519e-02       3.089722835082e+04 
       1.811825557293e-02       3.087059021617e+04 
       1.824573398610e-02       3.084238109676e+04 
       1.837326802690e-02       3.081244176301e+04 
       1.850085864292e-02       3.078104295573e+04 
       1.862850680759e-02       3.074823022296e+04 
       1.875621352054e-02       3.071388403299e+04 
       1.888397980812e-02       3.067813927994e+04 
       1.901180672387e-02       3.064104306916e+04 
       1.913969534896e-02       3.060217301877e+04 
       1.926764679274e-02       3.056208440906e+04 
       1.939566219325e-02       3.052072438209e+04 
       1.952374271780e-02       3.047796511877e+04 
       1.965188956345e-02       3.043403744444e+04 
       1.978010395770e-02       3.038846652673e+04 
       1.990838715901e-02       3.034184390335e+04 
       2.003674045748e-02       3.029397184125e+04 
       2.016516517545e-02       3.024478997865e+04 
       2.029366266823e-02       3.019443198611e+04 
       2.042223432471e-02       3.014307920018e+04 
       2.055088156815e-02       3.009010568722e+04 
       2.067960585684e-02       3.003629749489e+04 
       2.080840868494e-02       2.998126534753e+04 
       2.093729158320e-02       2.992520259240e+04 
       2.106625611978e-02       2.986798312995e+04 
       2.119530390110e-02       2.980971693503e+04 
       2.132443657271e-02       2.975039750035e+04 
       2.145365582014e-02       2.969005656740e+04 
       2.158296336985e-02       2.962874738895e+04 
       2.171236099015e-02       2.956650663891e+04 
       2.184185049218e-02       2.950328902538e+04 
       2.197143373095e-02       2.943897655114e+04 
       2.210111260630e-02       2.937367216092e+04 
       2.223088906404e-02       2.930761569826e+04 
       2.236076509703e-02       2.924064154621e+04 
       2.249074274629e-02       2.917277782801e+04 
       2.262082410221e-02       2.910406170786e+04 
       2.275101130574e-02       2.903454925525e+04 
       2.288130654964e-02       2.896425237836e+04 
       2.301171207977e-02       2.889323279827e+04 
       2.314223019641e-02       2.882113020056e+04 
       2.327286325563e-02       2.874833389720e+04 
       2.340361367074e-02       2.867490896972e+04 
       2.353448391368e-02       2.860071765148e+04 
       2.366547651660e-02       2.852580463142e+04 
       2.379659407334e-02       2.845019253469e+04 
       2.392783924111e-02       2.837390219054e+04 
       2.405921474210e-02       2.829719014964e+04 
       2.419072336519e-02       2.821943027538e+04 
       2.432236796775e-02       2.814112854182e+04 
       2.445415147744e-02       2.806230602687e+04 
       2.458607689408e-02       2.798285306595e+04 
       2.471814729166e-02       2.790281530895e+04 
       2.485036582029e-02       2.782220783073e+04 
       2.498273570831e-02       2.774114585094e+04 
       2.511526026445e-02       2.765957518347e+04 
       2.524794288002e-02       2.757715151069e+04 
       2.538078703128e-02       2.749437366160e+04 
       2.551379628174e-02       2.741116713521e+04 
       2.564697428468e-02       2.732745480777e+04 
       2.578032478567e-02       2.724326824858e+04 
       2.591385162523e-02       2.715863091215e+04 
       2.604755874155e-02       2.707376825002e+04 
       2.618145017332e-02       2.698802635942e+04 
       2.631553006265e-02       2.690212752638e+04 
       2.644980265814e-02       2.681579507013e+04 
       2.658427231796e-02       2.672911218204e+04 
       2.671894351318e-02       2.664203039857e+04 
       2.685382083112e-02       2.655459563362e+04 
       2.698890897883e-02       2.646678322465e+04 
       2.712421278678e-02       2.637868128737e+04 
       2.725973721256e-02       2.629027179298e+04 
       2.739548734487e-02       2.620160780292e+04 
       2.753146840751e-02       2.611245845256e+04 
       2.766768576366e-02       2.602304427417e+04 
       2.780414492022e-02       2.593347090242e+04 
       2.794085153237e-02       2.584344547719e+04 
       2.807781140831e-02       2.575329232711e+04 
       2.821503051417e-02       2.566285150015e+04 
       2.835251497913e-02       2.557219142462e+04 
       2.849027110071e-02       2.548137072363e+04 
       2.862830535034e-02       2.539045267265e+04 
       2.876662437909e-02       2.529899633682e+04 
       2.890523502369e-02       2.520751603492e+04 
       2.904414431275e-02       2.511577474975e+04 
       2.918335947327e-02       2.502392718993e+04 
       2.932288793744e-02       2.493188549263e+04 
       2.946273734967e-02       2.483969459988e+04 
       2.960291557399e-02       2.474749828837e+04 
       2.974343070174e-02       2.465496531808e+04 
       2.988429105957e-02       2.456227871329e+04 
       3.002550521783e-02       2.446966848547e+04 
       3.016708199932e-02       2.437671546588e+04 
       3.030903048843e-02       2.428378574055e+04 
       3.045136004070e-02       2.419070718872e+04 
       3.059408029281e-02       2.409760363027e+04 
       3.073720117301e-02       2.400444297036e+04 
       3.088073291206e-02       2.391101092007e+04 
       3.102468605472e-02       2.381767685620e+04 
       3.116907147166e-02       2.372419899443e+04 
       3.131390037212e-02       2.363072945599e+04 
       3.145918431699e-02       2.353713780455e+04 
       3.160493523265e-02       2.344372484820e+04 
       3.175116542549e-02       2.334995235772e+04 
       3.189788759709e-02       2.325622079152e+04 
       3.204511486017e-02       2.316266181564e+04 
       3.219286075541e-02       2.306887624336e+04 
       3.234113926908e-02       2.297507837680e+04 
       3.248996485157e-02       2.288131872064e+04 
       3.263935243694e-02       2.278755876954e+04 
       3.278931746343e-02       2.269383253941e+04 
       3.293987589517e-02       2.260023351465e+04 
       3.309104424491e-02       2.250640577686e+04 
       3.324283959815e-02       2.241262662412e+04 
       3.339527963850e-02       2.231885482693e+04 
       3.354838267444e-02       2.222518668843e+04 
       3.370216766768e-02       2.213150237543e+04 
       3.385665426301e-02       2.203776930503e+04 
       3.401186282001e-02       2.194421661744e+04 
       3.416781444647e-02       2.185064938377e+04 
       3.432453103385e-02       2.175707593495e+04 
       3.448203529487e-02       2.166344435419e+04 
       3.464035080331e-02       2.157000809759e+04 
       3.479950203627e-02       2.147655566755e+04 
       3.495951441903e-02       2.138313958069e+04 
       3.512041437275e-02       2.128976751665e+04 
       3.528222936510e-02       2.119643606716e+04 
       3.544498796423e-02       2.110308643016e+04 
       3.560871989618e-02       2.100987658952e+04 
       3.577345610607e-02       2.091661299196e+04 
       3.593922882337e-02       2.082346800250e+04 
       3.610607163159e-02       2.073046374527e+04 
       3.627401954264e-02       2.063736177793e+04 
       3.644310907647e-02       2.054425642525e+04 
       3.661337834616e-02       2.045134385302e+04 
       3.678486714915e-02       2.035842668117e+04 
       3.695761706500e-02       2.026553897128e+04 
       3.713167156030e-02       2.017271096636e+04 
       3.730707610138e-02       2.007983350623e+04 
       3.748387827544e-02       1.998705931612e+04 
       3.766212792096e-02       1.989431309606e+04 
       3.784187726823e-02       1.980159232886e+04 
       3.802318109082e-02       1.970892219434e+04 
       3.820609686922e-02       1.961630168887e+04 
       3.839068496773e-02       1.952365091907e+04 
       3.857700882583e-02       1.943099886441e+04 
       3.876513516560e-02       1.933830760318e+04 
       3.895513421671e-02       1.924567762154e+04 
       3.914707996089e-02       1.915305367734e+04 
       3.934105039770e-02       1.906040690746e+04 
       3.953712783418e-02       1.896779752530e+04 
       3.973539920062e-02       1.887506105188e+04 
       3.993595639556e-02       1.878232930073e+04 
       4.013889666314e-02       1.868956686866e+04 
       4.034432300653e-02       1.859675690778e+04 
       4.055234464161e-02       1.850395467381e+04 
       4.076307749556e-02       1.841094922033e+04 
       4.097664475587e-02       1.831790954324e+04 
       4.119317747582e-02       1.822489721348e+04 
       4.141281524343e-02       1.813157264938e+04 
       4.163570692203e-02       1.803821939292e+04 
       4.186201147165e-02       1.794473893222e+04 
       4.209189886184e-02       1.785110215015e+04 
       4.232555108830e-02       1.775736489307e+04 
       4.256316330751e-02       1.766331245675e+04 
       4.280494510593e-02       1.756912426779e+04 
       4.305112192309e-02       1.747473630646e+04 
       4.330193665092e-02       1.738001397323e+04 
       4.355765143591e-02       1.728506948568e+04 
       4.381854971490e-02       1.718982626949e+04 
       4.408493852127e-02       1.709426406268e+04 
       4.435715110455e-02       1.699843311813e+04 
       4.463554991504e-02       1.690209595191e+04 
       4.492053001465e-02       1.680533739810e+04 
       4.521252298709e-02       1.670808926626e+04 
       4.551200143559e-02       1.661038819047e+04 
       4.581948417415e-02       1.651214047621e+04 
       4.613554224081e-02       1.641328944323e+04 
       4.646080588911e-02       1.631376573101e+04 
       4.679597274847e-02       1.621357745897e+04 
       4.714181738722e-02       1.611256976220e+04 
       4.749920256636e-02       1.601078412423e+04 
       4.786909254018e-02       1.590799749289e+04 
       4.825256884622e-02       1.580419349061e+04 
       4.865084913658e-02       1.569924668672e+04 
       4.906530974176e-02       1.559299220143e+04 
       4.949751283582e-02       1.548547479876e+04 
       4.994923929776e-02       1.537635664368e+04 
       5.042252865201e-02       1.526552616830e+04 
       5.091972783590e-02       1.515276784469e+04 
       5.144355099983e-02       1.503786248861e+04 
       5.199715311148e-02       1.492035454880e+04 
       5.258422081343e-02       1.480015862078e+04 
       5.320908475279e-02       1.467664853634e+04 
       5.387685838283e-02       1.454935216749e+04 
       5.459360882305e-02       1.441757651058e+04 
       5.536656529399e-02       1.428048643859e+04 
       5.620436895361e-02       1.413696619324e+04 
       5.711736275649e-02       1.398563772589e+04 
       5.811790769141e-02       1.382459609100e+04 
       5.922068626966e-02       1.365136220816e+04 
       6.044290595677e-02       1.346260976932e+04 
       6.180423324400e-02       1.325391643896e+04 
       6.332617042163e-02       1.301951795905e+04 
       6.503046678076e-02       1.275207313083e+04 
       6.693616254666e-02       1.244305991708e+04 
       6.905525622067e-02       1.208357930797e+04 
       7.138798863467e-02       1.166655398520e+04 
       7.391997834836e-02       1.118972343027e+04 
       7.662353958717e-02       1.065814871148e+04 
       7.946334509301e-02       1.008538972743e+04 
       8.240366793934e-02       9.491506818095e+03 
       8.541380327168e-02       8.899706449238e+03 
       8.847027182335e-02       8.332339309846e+03 
       9.155652592416e-02       7.807996194201e+03 
       9.466152568885e-02       7.339528194931e+03 
       9.777816407197e-02       6.933915603145e+03 
       1.009019683148e-01       6.592258952554e+03 
       1.040301629724e-01       6.310711408500e+03 
       1.071610406735e-01       6.081746964971e+03 
       1.102935565704e-01       5.895132592309e+03 
       1.134270732107e-01       5.739102539066e+03 
       1.165612023400e-01       5.601541632327e+03 
       1.196957076545e-01       5.471010199240e+03 
       1.228304453334e-01       5.337706870772e+03 
       1.259653277867e-01       5.194164825217e+03 
       1.291003015971e-01       5.036116497411e+03 
       1.322353341135e-01       4.862204000705e+03 
       1.353704053078e-01       4.674049049859e+03 
       1.385055028292e-01       4.475627094209e+03 
       1.416406190016e-01       4.272395553590e+03 
       1.447757490003e-01       4.070404334947e+03 
       1.479108897438e-01       3.875697148377e+03 
       1.510460392204e-01       3.693451944950e+03 
       1.541811960787e-01       3.527566140452e+03 
       1.573163593778e-01       3.380488919132e+03 
       1.604515284352e-01       3.253038853565e+03 
       1.635867027331e-01       3.144638755655e+03 
       1.667218818616e-01       3.053433061727e+03 
       1.698570654827e-01       2.976623522485e+03 
       1.729922533088e-01       2.910783303565e+03 
       1.761274450881e-01       2.852224865905e+03 
       1.792626405962e-01       2.797633970139e+03 
       1.823978396298e-01       2.743913605145e+03 
       1.855330420031e-01       2.687805099060e+03 
       1.886682475447e-01       2.627340331750e+03 
       1.918034560960e-01       2.561504109692e+03 
       1.949386675093e-01       2.490264281525e+03 
       1.980738816469e-01       2.414549587322e+03 
       2.012090983799e-01       2.335889920995e+03 
       2.043443175877e-01       2.256239032760e+03 
       2.074795391571e-01       2.177559257870e+03 
       2.106147629818e-01       2.101642427915e+03 
       2.137499889618e-01       2.029969973533e+03 
       2.168852170028e-01       1.963581416101e+03 
       2.200204470161e-01       1.903152915739e+03 
       2.231556789180e-01       1.848946636412e+03 
       2.262909126294e-01       1.800845835544e+03 
       2.294261480757e-01       1.758369664724e+03 
       2.325613851861e-01       1.720733903024e+03 
       2.356966238940e-01       1.686884094611e+03 
       2.388318641358e-01       1.655648369360e+03 
       2.419671058517e-01       1.625844639828e+03 
       2.451023489847e-01       1.596430748876e+03 
       2.482375934808e-01       1.566572561709e+03 
       2.513728392886e-01       1.535686137476e+03 
       2.545080863594e-01       1.503488686731e+03 
       2.576433346468e-01       1.469927737431e+03 
       2.607785841067e-01       1.435173853929e+03 
       2.639138346969e-01       1.399582295482e+03 
       2.670490863776e-01       1.363629588925e+03 
       2.701843391104e-01       1.327898717828e+03 
       2.733195928590e-01       1.292993704316e+03 
       2.764548475886e-01       1.259475898101e+03 
       2.795901032661e-01       1.227785823014e+03 
       2.827253598597e-01       1.198225548122e+03 
       2.858606173391e-01       1.170902445469e+03 
       2.889958756754e-01       1.145755756233e+03 
       2.921311348407e-01       1.122609377817e+03 
       2.952663948087e-01       1.101185886926e+03 
       2.984016555537e-01       1.081176287240e+03 
       3.015369170515e-01       1.062234047125e+03 
       3.046721792787e-01       1.044032138617e+03 
       3.078074422129e-01       1.026245588711e+03 
       3.109427058326e-01       1.008587775866e+03 
       3.140779701172e-01       9.908373067154e+02 
       3.172132350469e-01       9.728503363488e+02 
       3.203485006026e-01       9.545709357023e+02 
       3.234837667660e-01       9.360414596275e+02 
       3.266190335196e-01       9.173755958316e+02 
       3.297543008464e-01       8.987355245968e+02 
       3.328895687302e-01       8.802952453419e+02 
       3.360248371553e-01       8.622176497134e+02 
       3.391601061066e-01       8.446451365888e+02 
       3.422953755696e-01       8.277033831145e+02 
       3.454306455304e-01       8.114793487290e+02 
       3.485659159753e-01       7.960385751069e+02 
       3.517011868915e-01       7.813990323330e+02 
       3.548364582663e-01       7.675477702844e+02 
       3.579717300877e-01       7.544183187439e+02 
       3.611070023439e-01       7.419117699871e+02 
       3.642422750238e-01       7.298986622051e+02 
       3.673775481163e-01       7.182570339652e+02 
       3.705128216111e-01       7.068719067371e+02 
       3.736480954979e-01       6.956608650900e+02 
       3.767833697668e-01       6.845589834317e+02 
       3.799186444085e-01       6.735307222253e+02 
       3.830539194136e-01       6.625560944753e+02 
       3.861891947734e-01       6.516380496309e+02 
       3.893244704792e-01       6.407768422100e+02 
       3.924597465227e-01       6.299968931138e+02 
       3.955950228958e-01       6.193368867516e+02 
       3.987302995907e-01       6.088487141417e+02 
       4.018655765999e-01       5.985885475686e+02 
       4.050008539160e-01       5.885961863316e+02 
       4.081361315319e-01       5.789003175024e+02 
       4.112714094408e-01       5.695163219457e+02 
       4.144066876360e-01       5.604404415014e+02 
       4.175419661109e-01       5.516679748603e+02 
       4.206772448594e-01       5.431774056739e+02 
       4.238125238753e-01       5.349555502777e+02 
       4.269478031528e-01       5.269863531735e+02 
       4.300830826860e-01       5.192468403862e+02 
       4.332183624694e-01       5.117072088576e+02 
       4.363536424976e-01       5.043346409215e+02 
       4.394889227654e-01       4.970927116935e+02 
       4.426242032675e-01       4.899555376686e+02 
       4.457594839992e-01       4.829026620708e+02 
       4.488947649554e-01       4.759276863599e+02 
       4.520300461316e-01       4.690311747168e+02 
       4.551653275232e-01       4.622219350580e+02 
       4.583006091258e-01       4.555058852485e+02 
       4.614358909349e-01       4.488893048600e+02 
       4.645711729466e-01       4.423797871470e+02 
       4.677064551565e-01       4.359835183973e+02 
       4.708417375609e-01       4.297135940588e+02 
       4.739770201557e-01       4.235839124854e+02 
       4.771123029373e-01       4.176066998456e+02 
       4.802475859020e-01       4.117882419499e+02 
       4.833828690462e-01       4.061285836067e+02 
       4.865181523663e-01       4.006180667110e+02 
       4.896534358591e-01       3.952432584079e+02 
       4.927887195213e-01       3.899882692716e+02 
       4.959240033495e-01       3.848407845734e+02 
       4.990592873407e-01       3.797915589948e+02 
       5.021945714917e-01       3.748330386648e+02 
       5.053298557997e-01       3.699602567849e+02 
       5.084651402617e-01       3.651642971605e+02 
       5.116004248748e-01       3.604377289955e+02 
       5.147357096363e-01       3.557740639130e+02 
       5.178709945435e-01       3.511701822056e+02 
       5.210062795938e-01       3.466277238460e+02 
       5.241415647845e-01       3.421523254542e+02 
       5.272768501132e-01       3.377510754311e+02 
       5.304121355774e-01       3.334297572845e+02 
       5.335474211746e-01       3.291908179668e+02 
       5.366827069027e-01       3.250332967973e+02 
       5.398179927593e-01       3.209542708268e+02 
       5.429532787421e-01       3.169513247520e+02 
       5.460885648489e-01       3.130233420648e+02 
       5.492238510777e-01       3.091705261479e+02 
       5.523591374264e-01       3.053942602423e+02 
       5.554944238929e-01       3.016931279586e+02 
       5.586297104752e-01       2.980635468834e+02 
       5.617649971714e-01       2.944996875377e+02 
       5.649002839796e-01       2.909951186608e+02 
       5.680355708979e-01       2.875445769658e+02 
       5.711708579246e-01       2.841459684947e+02 
       5.743061450577e-01       2.807982623030e+02 
       5.774414322957e-01       2.775026301636e+02 
       5.805767196367e-01       2.742591681174e+02 
       5.837120070792e-01       2.710663727509e+02 
       5.868472946215e-01       2.679215239383e+02 
       5.899825822619e-01       2.648219539180e+02 
       5.931178699990e-01       2.617663211165e+02 
       5.962531578312e-01       2.587552679340e+02 
       5.993884457570e-01       2.557912261287e+02 
       6.025237337750e-01       2.528769216620e+02 
       6.056590218837e-01       2.500137407407e+02 
       6.087943100816e-01       2.472009094256e+02 
       6.119295983675e-01       2.444358739547e+02 
       6.150648867400e-01       2.417153228703e+02 
       6.182001751978e-01       2.390374353004e+02 
       6.213354637395e-01       2.364008478671e+02 
       6.244707523639e-01       2.338059013478e+02 
       6.276060410698e-01       2.312531593135e+02 
       6.307413298559e-01       2.287420488758e+02 
       6.338766187211e-01       2.262706606776e+02 
       6.370119076641e-01       2.238363704076e+02 
       6.401471966839e-01       2.214357396540e+02 
       6.432824857792e-01       2.190670643303e+02 
       6.464177749491e-01       2.167302326837e+02 
       6.495530641924e-01       2.144264776160e+02 
       6.526883535080e-01       2.121569511740e+02 
       6.558236428950e-01       2.099221577166e+02 
       6.589589323523e-01       2.077213835154e+02 
       6.620942218788e-01       2.055526776475e+02 
       6.652295114737e-01       2.034141021731e+02 
       6.683648011359e-01       2.013047020743e+02 
       6.715000908646e-01       1.992246223126e+02 
       6.746353806587e-01       1.971748332427e+02 
       6.777706705174e-01       1.951563378510e+02 
       6.809059604397e-01       1.931696226285e+02 
       6.840412504249e-01       1.912132721996e+02 
       6.871765404720e-01       1.892854128613e+02 
       6.903118305801e-01       1.873838653019e+02 
       6.934471207486e-01       1.855073055106e+02 
       6.965824109765e-01       1.836557733005e+02 
       6.997177012630e-01       1.818297811201e+02 
       7.028529916073e-01       1.800300336448e+02 
       7.059882820088e-01       1.782565657309e+02 
       7.091235724666e-01       1.765082265347e+02 
       7.122588629799e-01       1.747833632659e+02 
       7.153941535481e-01       1.730804706784e+02 
       7.185294441705e-01       1.713986508953e+02 
       7.216647348462e-01       1.697382286378e+02 
       7.248000255747e-01       1.681001068513e+02 
       7.279353163552e-01       1.664850330340e+02 
       7.310706071871e-01       1.648932190945e+02 
       7.342058980697e-01       1.633237202180e+02 
       7.373411890024e-01       1.617750852907e+02 
       8.061358785719e-01       1.323648759367e+02 
       9.059473322590e-01       1.015089391608e+02 
       1.064906114177e+00       6.993568068587e+01 
       1.315513449948e+00       4.261821047225e+01 
       1.654171143202e+00       2.467659536574e+01 
       2.082445966745e+00       1.411883046127e+01 
       2.621644045704e+00       8.010440740184e+00 
       3.300454309773e+00       4.509840966352e+00 
       4.155025801039e+00       2.520650524334e+00 
       5.230867567589e+00       1.399076874734e+00 
       6.585272106567e+00       7.711691544152e-01 
       8.290366398537e+00       4.220025528984e-01 
       1.043695293220e+01       2.290706170313e-01 
       1.313934526805e+01       1.231503094190e-01 
       1.654145565228e+01       6.539801818510e-02 
       2.082445886873e+01       3.415650702748e-02 
       2.621644045670e+01       1.742772614846e-02 
       3.300454309773e+01       8.593853874164e-03 
       4.155025801039e+01       4.029277739234e-03 
       5.230867567589e+01       1.750251478306e-03 
       6.585272106567e+01       6.755096855148e-04 
       8.290366398537e+01       2.150807087278e-04 
       1.043695293220e+02       4.834324124509e-05 
       1.313934526805e+02       4.660639219886e-06 
