# Matter power spectrum P(k) at redshift z=0
# for k=1.00946e-05 to 130.37 h/Mpc,
# number of wavenumbers equal to 714
#    1:k (h/Mpc)              2:P (Mpc/h)^3        
       1.009464849392e-05       6.417071201285e+01 
       2.254595584416e-05       1.405678183672e+02 
       3.503816723294e-05       2.148800575939e+02 
       4.760268435468e-05       2.884671263344e+02 
       6.027139435890e-05       3.619384063513e+02 
       7.307693559436e-05       4.355061047281e+02 
       8.605297131448e-05       5.095768836863e+02 
       9.923447476341e-05       5.843685413224e+02 
       1.126580290891e-04       6.600624142432e+02 
       1.263621455605e-04       7.369489855965e+02 
       1.403876035795e-04       8.152908741532e+02 
       1.547778159539e-04       8.953172883133e+02 
       1.695792227905e-04       9.773060249690e+02 
       1.848417171445e-04       1.061515214038e+03 
       2.006191051407e-04       1.148237780910e+03 
       2.169696025972e-04       1.237775884779e+03 
       2.339563691054e-04       1.330469940410e+03 
       2.516480789239e-04       1.426662708840e+03 
       2.701195257346e-04       1.526746388222e+03 
       2.894522550830e-04       1.631115819514e+03 
       3.097352139111e-04       1.740227068004e+03 
       3.310654007132e-04       1.854551429087e+03 
       3.535484922061e-04       1.974611035996e+03 
       3.772994127619e-04       2.100957686219e+03 
       4.024428010618e-04       2.234188436468e+03 
       4.291133146229e-04       2.374936811731e+03 
       4.574556975369e-04       2.523877683729e+03 
       4.876245211381e-04       2.681718790414e+03 
       5.197834934539e-04       2.849196397891e+03 
       5.541042244227e-04       3.027065928993e+03 
       5.907643344400e-04       3.216090323853e+03 
       6.299448092965e-04       3.417021925626e+03 
       6.718265407378e-04       3.630583747838e+03 
       7.165860532352e-04       3.857443805479e+03 
       7.643905052204e-04       4.098189620924e+03 
       8.153921621100e-04       4.353299496103e+03 
       8.697226559257e-04       4.623111524899e+03 
       9.274874509320e-04       4.907801625195e+03 
       9.887609998824e-04       5.207359593916e+03 
       1.053583075995e-03       5.521576118621e+03 
       1.121956686855e-03       5.850039412317e+03 
       1.193847821462e-03       6.192145156363e+03 
       1.269187075031e-03       6.547106313695e+03 
       1.347872978076e-03       6.913949297983e+03 
       1.429776671316e-03       7.291630163403e+03 
       1.514747450523e-03       7.679015144819e+03 
       1.602618671174e-03       8.074905294073e+03 
       1.693213545248e-03       8.478084403218e+03 
       1.786350459668e-03       8.887343324781e+03 
       1.881847568904e-03       9.301510720195e+03 
       1.979526536666e-03       9.719463291401e+03 
       2.079215405112e-03       1.014014767928e+04 
       2.180750645487e-03       1.056258621070e+04 
       2.283978490652e-03       1.098587450937e+04 
       2.388755671666e-03       1.140919660268e+04 
       2.494949683712e-03       1.183181309642e+04 
       2.602438697858e-03       1.225305715887e+04 
       2.711111219785e-03       1.267233887048e+04 
       2.820865578879e-03       1.308912936961e+04 
       2.931609313536e-03       1.350296646251e+04 
       3.043258502730e-03       1.391345294721e+04 
       3.155737080483e-03       1.432022491623e+04 
       3.268976158968e-03       1.472296853493e+04 
       3.382913377512e-03       1.512142841290e+04 
       3.497492288292e-03       1.551536332634e+04 
       3.612661784761e-03       1.590457770043e+04 
       3.728375575478e-03       1.628890076631e+04 
       3.844591703630e-03       1.666818645459e+04 
       3.961272110993e-03       1.704232091504e+04 
       4.078382244082e-03       1.741119602329e+04 
       4.195890699678e-03       1.777473820931e+04 
       4.313768906639e-03       1.813287031355e+04 
       4.431990840826e-03       1.848555162743e+04 
       4.550532770055e-03       1.883273886982e+04 
       4.669373026086e-03       1.917439853719e+04 
       4.788491800896e-03       1.951050560545e+04 
       4.907870964669e-03       1.984109032192e+04 
       5.027493903171e-03       2.016613030368e+04 
       5.147345372394e-03       2.048563545883e+04 
       5.267411368582e-03       2.079961923827e+04 
       5.387679011919e-03       2.110809743192e+04 
       5.508136442378e-03       2.141109752852e+04 
       5.628772726370e-03       2.170864993984e+04 
       5.749577773000e-03       2.200076700530e+04 
       5.870542258865e-03       2.228749724950e+04 
       5.991657560450e-03       2.256887555087e+04 
       6.112915693289e-03       2.284494351144e+04 
       6.234309257161e-03       2.311573406980e+04 
       6.355831386653e-03       2.338129161159e+04 
       6.477475706524e-03       2.364165231113e+04 
       6.599236291355e-03       2.389687517650e+04 
       6.721107629027e-03       2.414701698299e+04 
       6.843084587634e-03       2.439208641059e+04 
       6.965162385466e-03       2.463217757187e+04 
       7.087336563750e-03       2.486731284307e+04 
       7.209602961865e-03       2.509753300104e+04 
       7.331957694789e-03       2.532290729366e+04 
       7.454397132541e-03       2.554354587378e+04 
       7.576917881437e-03       2.575937810429e+04 
       7.699516766966e-03       2.597050348768e+04 
       7.822190818144e-03       2.617698293863e+04 
       7.944937253195e-03       2.637885597125e+04 
       8.067753466432e-03       2.657618501868e+04 
       8.190637016235e-03       2.676901666537e+04 
       8.313585614016e-03       2.695739392315e+04 
       8.436597114079e-03       2.714136561394e+04 
       8.559669504301e-03       2.732098128414e+04 
       8.682800897556e-03       2.749628792445e+04 
       8.805989523813e-03       2.766734257196e+04 
       8.929233722859e-03       2.783419042396e+04 
       9.052531937575e-03       2.799686536711e+04 
       9.175882707736e-03       2.815544063492e+04 
       9.299284664283e-03       2.830995257953e+04 
       9.422736524020e-03       2.846044673766e+04 
       9.546237084713e-03       2.860697893123e+04 
       9.669785220550e-03       2.874958284374e+04 
       9.793379877934e-03       2.888830505120e+04 
       9.917020071586e-03       2.902319511211e+04 
       1.004070488092e-02       2.915429410236e+04 
       1.016443344671e-02       2.928164299209e+04 
       1.028820496794e-02       2.940528783591e+04 
       1.041201869892e-02       2.952527482582e+04 
       1.053587394662e-02       2.964165830483e+04 
       1.065977006814e-02       2.975447227247e+04 
       1.078370646837e-02       2.986375893960e+04 
       1.090768259788e-02       2.996956759927e+04 
       1.103169795086e-02       3.007193214818e+04 
       1.115575206324e-02       3.017090020887e+04 
       1.127984451099e-02       3.026650094137e+04 
       1.140397490846e-02       3.035878314795e+04 
       1.152814290686e-02       3.044778099412e+04 
       1.165234819288e-02       3.053354069714e+04 
       1.177659048739e-02       3.061609991979e+04 
       1.190086954417e-02       3.069549967750e+04 
       1.202518514882e-02       3.077177425522e+04 
       1.214953711769e-02       3.084496744346e+04 
       1.227392529690e-02       3.091510988824e+04 
       1.239834956144e-02       3.098224703464e+04 
       1.252280981431e-02       3.104640934685e+04 
       1.264730598575e-02       3.110755111403e+04 
       1.277183803251e-02       3.116587911244e+04 
       1.289640593717e-02       3.122133814696e+04 
       1.302100970753e-02       3.127387786781e+04 
       1.314564937606e-02       3.132371431685e+04 
       1.327032499934e-02       3.137079984642e+04 
       1.339503665758e-02       3.141516302451e+04 
       1.351978445419e-02       3.145686183183e+04 
       1.364456851541e-02       3.149593264339e+04 
       1.376938898987e-02       3.153226771815e+04 
       1.389424604833e-02       3.156597039117e+04 
       1.401913988334e-02       3.159724928464e+04 
       1.414407070898e-02       3.162607611876e+04 
       1.426903876066e-02       3.165240372053e+04 
       1.439404429485e-02       3.167618405522e+04 
       1.451908758897e-02       3.169761590998e+04 
       1.464416894118e-02       3.171669717440e+04 
       1.476928867029e-02       3.173338789388e+04 
       1.489444711564e-02       3.174759773800e+04 
       1.501964463704e-02       3.175967811269e+04 
       1.514488161469e-02       3.176952126606e+04 
       1.527015844916e-02       3.177709380753e+04 
       1.539547556136e-02       3.178243642100e+04 
       1.552083339260e-02       3.178555455335e+04 
       1.564623240455e-02       3.178660369483e+04 
       1.577167307934e-02       3.178556682107e+04 
       1.589715591960e-02       3.178238065656e+04 
       1.602268144854e-02       3.177718837047e+04 
       1.614825021010e-02       3.176993611750e+04 
       1.627386276901e-02       3.176064207693e+04 
       1.639951971098e-02       3.174944943779e+04 
       1.652522164284e-02       3.173648256533e+04 
       1.665096919269e-02       3.172143397893e+04 
       1.677676301015e-02       3.170433085449e+04 
       1.690260376649e-02       3.168570984858e+04 
       1.702849215493e-02       3.166515157543e+04 
       1.715442889084e-02       3.164277702811e+04 
       1.728041471200e-02       3.161863762879e+04 
       1.740645037890e-02       3.159271859548e+04 
       1.753253667499e-02       3.156497682167e+04 
       1.765867440702e-02       3.153576190534e+04 
       1.778486440536e-02       3.150470526789e+04 
       1.791110752433e-02       3.147221880374e+04 
       1.803740464255e-02       3.143797350804e+04 
       1.816375666334e-02       3.140214130107e+04 
       1.829016451508e-02       3.136472530751e+04 
       1.841662915165e-02       3.132575171020e+04 
       1.854315155281e-02       3.128532920835e+04 
       1.866973272471e-02       3.124353940143e+04 
       1.879637370027e-02       3.120014921106e+04 
       1.892307553971e-02       3.115520693832e+04 
       1.904983933102e-02       3.110908022144e+04 
       1.917666619051e-02       3.106138561945e+04 
       1.930355726329e-02       3.101240578134e+04 
       1.943051372387e-02       3.096221004367e+04 
       1.955753677670e-02       3.091055670144e+04 
       1.968462765677e-02       3.085760119396e+04 
       1.981178763021e-02       3.080329477254e+04 
       1.993901799497e-02       3.074783675812e+04 
       2.006632008140e-02       3.069115212498e+04 
       2.019369525299e-02       3.063334191662e+04 
       2.032114490701e-02       3.057419141836e+04 
       2.044867047529e-02       3.051407231052e+04 
       2.057627342491e-02       3.045267175170e+04 
       2.070395525899e-02       3.039022718397e+04 
       2.083171751748e-02       3.032662647635e+04 
       2.095956177799e-02       3.026187980786e+04 
       2.108748965660e-02       3.019617056802e+04 
       2.121550280877e-02       3.012943326702e+04 
       2.134360293018e-02       3.006169247832e+04 
       2.147179175773e-02       2.999305419654e+04 
       2.160007107043e-02       2.992326723519e+04 
       2.172844269041e-02       2.985270594370e+04 
       2.185690848394e-02       2.978110718367e+04 
       2.198547036247e-02       2.970851524216e+04 
       2.211413028370e-02       2.963512566137e+04 
       2.224289025271e-02       2.956086326813e+04 
       2.237175232311e-02       2.948574566770e+04 
       2.250071859821e-02       2.940992762290e+04 
       2.262979123224e-02       2.933316392643e+04 
       2.275897243165e-02       2.925563109514e+04 
       2.288826445635e-02       2.917728971460e+04 
       2.301766962110e-02       2.909819328323e+04 
       2.314719029689e-02       2.901829451596e+04 
       2.327682891234e-02       2.893773365441e+04 
       2.340658795522e-02       2.885651472731e+04 
       2.353646997393e-02       2.877461967365e+04 
       2.366647757910e-02       2.869202799268e+04 
       2.379661344521e-02       2.860879274762e+04 
       2.392688031224e-02       2.852488396889e+04 
       2.405728098747e-02       2.844029088900e+04 
       2.418781834717e-02       2.835517394685e+04 
       2.431849533854e-02       2.826945327632e+04 
       2.444931498157e-02       2.818325424931e+04 
       2.458028037101e-02       2.809636384066e+04 
       2.471139467843e-02       2.800910677079e+04 
       2.484266115434e-02       2.792121983819e+04 
       2.497408313032e-02       2.783281471476e+04 
       2.510566402132e-02       2.774385518855e+04 
       2.523740732798e-02       2.765449225425e+04 
       2.536931663903e-02       2.756465735481e+04 
       2.550139563382e-02       2.747438756723e+04 
       2.563364808484e-02       2.738378134700e+04 
       2.576607786046e-02       2.729254474416e+04 
       2.589868892768e-02       2.720121516653e+04 
       2.603148535496e-02       2.710912213894e+04 
       2.616447131525e-02       2.701692942153e+04 
       2.629765108904e-02       2.692426095527e+04 
       2.643102906753e-02       2.683118608454e+04 
       2.656460975597e-02       2.673783238000e+04 
       2.669839777708e-02       2.664414511068e+04 
       2.683239787459e-02       2.655016204019e+04 
       2.696661491696e-02       2.645595487188e+04 
       2.710105390117e-02       2.636131485232e+04 
       2.723571995674e-02       2.626657592332e+04 
       2.737061834981e-02       2.617146109620e+04 
       2.750575448744e-02       2.607608664153e+04 
       2.764113392209e-02       2.598044226572e+04 
       2.777676235620e-02       2.588459975474e+04 
       2.791264564702e-02       2.578850800376e+04 
       2.804878981161e-02       2.569239103717e+04 
       2.818520103204e-02       2.559594375588e+04 
       2.832188566076e-02       2.549932086926e+04 
       2.845885022631e-02       2.540250869338e+04 
       2.859610143908e-02       2.530548516058e+04 
       2.873364619748e-02       2.520835773614e+04 
       2.887149159429e-02       2.511107597421e+04 
       2.900964492322e-02       2.501374931073e+04 
       2.914811368590e-02       2.491612970557e+04 
       2.928690559902e-02       2.481860388420e+04 
       2.942602860186e-02       2.472082422303e+04 
       2.956549086412e-02       2.462295618038e+04 
       2.970530079409e-02       2.452497571533e+04 
       2.984546704721e-02       2.442692107205e+04 
       2.998599853497e-02       2.432887089473e+04 
       3.012690443426e-02       2.423066482417e+04 
       3.026819419710e-02       2.413254588949e+04 
       3.040987756082e-02       2.403424312272e+04 
       3.055196455877e-02       2.393592906253e+04 
       3.069446553144e-02       2.383755146426e+04 
       3.083739113820e-02       2.373916471090e+04 
       3.098075236950e-02       2.364075205799e+04 
       3.112456055973e-02       2.354234950336e+04 
       3.126882740071e-02       2.344394470460e+04 
       3.141356495575e-02       2.334552021563e+04 
       3.155878567452e-02       2.324717954211e+04 
       3.170450240861e-02       2.314875451429e+04 
       3.185072842783e-02       2.305032440619e+04 
       3.199747743745e-02       2.295195246596e+04 
       3.214476359623e-02       2.285359247477e+04 
       3.229260153542e-02       2.275524568652e+04 
       3.244100637881e-02       2.265706745620e+04 
       3.258999376375e-02       2.255889610358e+04 
       3.273957986336e-02       2.246057852698e+04 
       3.288978140996e-02       2.236245448504e+04 
       3.304061571975e-02       2.226441737233e+04 
       3.319210071885e-02       2.216638671248e+04 
       3.334425497084e-02       2.206838392997e+04 
       3.349709770584e-02       2.197058554102e+04 
       3.365064885125e-02       2.187275530068e+04 
       3.380492906431e-02       2.177486921319e+04 
       3.395995976648e-02       2.167722291152e+04 
       3.411576317999e-02       2.157960591790e+04 
       3.427236236650e-02       2.148206801118e+04 
       3.442978126809e-02       2.138460333951e+04 
       3.458804475084e-02       2.128722073827e+04 
       3.474717865108e-02       2.118987755507e+04 
       3.490720982455e-02       2.109266346479e+04 
       3.506816619873e-02       2.099558504944e+04 
       3.523007682849e-02       2.089853767377e+04 
       3.539297195542e-02       2.080152206265e+04 
       3.555688307112e-02       2.070471562175e+04 
       3.572184298463e-02       2.060801453551e+04 
       3.588788589457e-02       2.051122293850e+04 
       3.605504746615e-02       2.041467020816e+04 
       3.622336491361e-02       2.031822207075e+04 
       3.639287708845e-02       2.022166270174e+04 
       3.656362457404e-02       2.012536337454e+04 
       3.673564978707e-02       2.002914246704e+04 
       3.690899708648e-02       1.993296717683e+04 
       3.708371289055e-02       1.983679419800e+04 
       3.725984580290e-02       1.974079649692e+04 
       3.743744674815e-02       1.964487586746e+04 
       3.761656911821e-02       1.954906878968e+04 
       3.779726893013e-02       1.945312605155e+04 
       3.797960499676e-02       1.935744498482e+04 
       3.816363911128e-02       1.926175675089e+04 
       3.834943624708e-02       1.916612874760e+04 
       3.853706477458e-02       1.907054021211e+04 
       3.872659669653e-02       1.897499614494e+04 
       3.891810790398e-02       1.887942465762e+04 
       3.911167845479e-02       1.878400440153e+04 
       3.930739287740e-02       1.868848836599e+04 
       3.950534050234e-02       1.859312348925e+04 
       3.970561582476e-02       1.849770704744e+04 
       3.990831890138e-02       1.840228241913e+04 
       4.011355578580e-02       1.830684157204e+04 
       4.032143900672e-02       1.821138007897e+04 
       4.053208809411e-02       1.811587270565e+04 
       4.074563015923e-02       1.802038369558e+04 
       4.096220053497e-02       1.792481916009e+04 
       4.118194348439e-02       1.782918488471e+04 
       4.140501298594e-02       1.773346151455e+04 
       4.163157360554e-02       1.763759916167e+04 
       4.186180146709e-02       1.754172970111e+04 
       4.209588533489e-02       1.744578180943e+04 
       4.233402782341e-02       1.734947518203e+04 
       4.257644675264e-02       1.725317063773e+04 
       4.282337667010e-02       1.715664222210e+04 
       4.307507056429e-02       1.705991110612e+04 
       4.333180179852e-02       1.696289728208e+04 
       4.359386629955e-02       1.686571394339e+04 
       4.386158504121e-02       1.676824481157e+04 
       4.413530687126e-02       1.667043646176e+04 
       4.441541173831e-02       1.657227118183e+04 
       4.470231438732e-02       1.647378890912e+04 
       4.499646860526e-02       1.637485155435e+04 
       4.529837211566e-02       1.627547237149e+04 
       4.560857224110e-02       1.617560584014e+04 
       4.592767247825e-02       1.607510169373e+04 
       4.625634016185e-02       1.597410980971e+04 
       4.659531543350e-02       1.587244033762e+04 
       4.694542178077e-02       1.577000334902e+04 
       4.730757847439e-02       1.566678389658e+04 
       4.768281531055e-02       1.556273298919e+04 
       4.807229016462e-02       1.545758985685e+04 
       4.847730999025e-02       1.535142505888e+04 
       4.889935605909e-02       1.524408036604e+04 
       4.934011444291e-02       1.513536209516e+04 
       4.980151300247e-02       1.502516187333e+04 
       5.028576648100e-02       1.491327175149e+04 
       5.079543172049e-02       1.479944519588e+04 
       5.133347554157e-02       1.468346859472e+04 
       5.190335846157e-02       1.456506521260e+04 
       5.250913816182e-02       1.444375571169e+04 
       5.315559739997e-02       1.431908128807e+04 
       5.384840174606e-02       1.419046007535e+04 
       5.459429275101e-02       1.405713671956e+04 
       5.540132118813e-02       1.391815416370e+04 
       5.627912134401e-02       1.377225323711e+04 
       5.723921812462e-02       1.361767778303e+04 
       5.829533888791e-02       1.345223916306e+04 
       5.946366316084e-02       1.327293801830e+04 
       6.076287477250e-02       1.307562692944e+04 
       6.221377477332e-02       1.285492381947e+04 
       6.383808653706e-02       1.260394724606e+04 
       6.565602496941e-02       1.231419252454e+04 
       6.768242463036e-02       1.197637347927e+04 
       6.992200317225e-02       1.158211347981e+04 
       7.236559228078e-02       1.112660762049e+04 
       7.498984568261e-02       1.061219719765e+04 
       7.776155275890e-02       1.004976110660e+04 
       8.064469471418e-02       9.457916365774e+03 
       8.360672489059e-02       8.859991280520e+03 
       8.662184939970e-02       8.279747865089e+03 
       8.967143568363e-02       7.737913654273e+03 
       9.274284782583e-02       7.249851501029e+03 
       9.582786511770e-02       6.824630896743e+03 
       9.892127945262e-02       6.465228319382e+03 
       1.020198457548e-01       6.169223686568e+03 
       1.051215627200e-01       5.929891433872e+03 
       1.082252037712e-01       5.737492817782e+03 
       1.113300199271e-01       5.580336272003e+03 
       1.144355547896e-01       5.445902460033e+03 
       1.175415305295e-01       5.322102751769e+03 
       1.206477780580e-01       5.198124967930e+03 
       1.237541944217e-01       5.065441963371e+03 
       1.268607168638e-01       4.918519288190e+03 
       1.299673070550e-01       4.754884650608e+03 
       1.330739415121e-01       4.575278826578e+03 
       1.361806057802e-01       4.383102978190e+03 
       1.392872908993e-01       4.183551367241e+03 
       1.423939912590e-01       3.982859865190e+03 
       1.455007032953e-01       3.787322978256e+03 
       1.486074246983e-01       3.602605069245e+03 
       1.517141539308e-01       3.433253391547e+03 
       1.548208899347e-01       3.282270080628e+03 
       1.579276319521e-01       3.151085389551e+03 
       1.610343794161e-01       3.039546839702e+03 
       1.641411318831e-01       2.946179337364e+03 
       1.672478889920e-01       2.868406474738e+03 
       1.703546504380e-01       2.802911798396e+03 
       1.734614159563e-01       2.746013438116e+03 
       1.765681853122e-01       2.694012056044e+03 
       1.796749582939e-01       2.644084173694e+03 
       1.827817347084e-01       2.592417187063e+03 
       1.858885143781e-01       2.536717126667e+03 
       1.889952971387e-01       2.475618520342e+03 
       1.921020828376e-01       2.408748670667e+03 
       1.952088713323e-01       2.336734886262e+03 
       1.983156624901e-01       2.261017724360e+03 
       2.014224561863e-01       2.183432137028e+03 
       2.045292523042e-01       2.106052220222e+03 
       2.076360507342e-01       2.030779685587e+03 
       2.107428513731e-01       1.959226663273e+03 
       2.138496541241e-01       1.892641691077e+03 
       2.169564588956e-01       1.831844755547e+03 
       2.200632656016e-01       1.777243032278e+03 
       2.231700741606e-01       1.728876692340e+03 
       2.262768844957e-01       1.686365616403e+03 
       2.293836965344e-01       1.649032091009e+03 
       2.324905102078e-01       1.615854434151e+03 
       2.355973254510e-01       1.585716827529e+03 
       2.387041422021e-01       1.557365804852e+03 
       2.418109604027e-01       1.529698088863e+03 
       2.449177799973e-01       1.501767857715e+03 
       2.480246009332e-01       1.472903499641e+03 
       2.511314231603e-01       1.442719018113e+03 
       2.542382466309e-01       1.411082125935e+03 
       2.573450712998e-01       1.378075199106e+03 
       2.604518971239e-01       1.344017576147e+03 
       2.635587240619e-01       1.309349930219e+03 
       2.666655520749e-01       1.274637938378e+03 
       2.697723811254e-01       1.240505140774e+03 
       2.728792111777e-01       1.207544790930e+03 
       2.759860421979e-01       1.176269674312e+03 
       2.790928741535e-01       1.147036846965e+03 
       2.821997070134e-01       1.120007175085e+03 
       2.853065407479e-01       1.095186627518e+03 
       2.884133753286e-01       1.072421281505e+03 
       2.915202107282e-01       1.051480402737e+03 
       2.946270469208e-01       1.032056057680e+03 
       2.977338838814e-01       1.013805743245e+03 
       3.008407215861e-01       9.963896638030e+02 
       3.039475600119e-01       9.794887680318e+02 
       3.070543991368e-01       9.627777170142e+02 
       3.101612389398e-01       9.460105620668e+02 
       3.132680794005e-01       9.290141698869e+02 
       3.163749204995e-01       9.116984605509e+02 
       3.194817622181e-01       8.940777804645e+02 
       3.225886045383e-01       8.762516402325e+02 
       3.256954474428e-01       8.583643771741e+02 
       3.288022909149e-01       8.405893698244e+02 
       3.319091349386e-01       8.230957217955e+02 
       3.350159794986e-01       8.060476501125e+02 
       3.381228245799e-01       7.895687568690e+02 
       3.412296701683e-01       7.737689654767e+02 
       3.443365162499e-01       7.587220901448e+02 
       3.474433628116e-01       7.444659212353e+02 
       3.505502098404e-01       7.310068908354e+02 
       3.536570573240e-01       7.182839002326e+02 
       3.567639052504e-01       7.062092452608e+02 
       3.598707536082e-01       6.946649940130e+02 
       3.629776023863e-01       6.835206165766e+02 
       3.660844515738e-01       6.726591540942e+02 
       3.691913011604e-01       6.619840200288e+02 
       3.722981511361e-01       6.514219999389e+02 
       3.754050014911e-01       6.409389997120e+02 
       3.785118522162e-01       6.305014675853e+02 
       3.816187033021e-01       6.201011952934e+02 
       3.847255547402e-01       6.097402137923e+02 
       3.878324065219e-01       5.994376694552e+02 
       3.909392586390e-01       5.892266831700e+02 
       3.940461110836e-01       5.791577891102e+02 
       3.971529638479e-01       5.692862150113e+02 
       4.002598169245e-01       5.596620016282e+02 
       4.033666703061e-01       5.503124438422e+02 
       4.064735239857e-01       5.412656136391e+02 
       4.095803779564e-01       5.325209366627e+02 
       4.126872322118e-01       5.240685416565e+02 
       4.157940867453e-01       5.159000052387e+02 
       4.189009415509e-01       5.080016972189e+02 
       4.220077966223e-01       5.003561205494e+02 
       4.251146519539e-01       4.929431722806e+02 
       4.282215075398e-01       4.857366915066e+02 
       4.313283633747e-01       4.787001730624e+02 
       4.344352194531e-01       4.717969360779e+02 
       4.375420757698e-01       4.649995031438e+02 
       4.406489323197e-01       4.582874531594e+02 
       4.437557890981e-01       4.516450720591e+02 
       4.468626461000e-01       4.450769194386e+02 
       4.499695033208e-01       4.385823387051e+02 
       4.530763607560e-01       4.321723004987e+02 
       4.561832184013e-01       4.258506198530e+02 
       4.592900762523e-01       4.196251371283e+02 
       4.623969343048e-01       4.135019966302e+02 
       4.655037925549e-01       4.074970380844e+02 
       4.686106509986e-01       4.016228141242e+02 
       4.717175096320e-01       3.958919463857e+02 
       4.748243684514e-01       3.903155550026e+02 
       4.779312274532e-01       3.848944460414e+02 
       4.810380866338e-01       3.796211974397e+02 
       4.841449459898e-01       3.744835566853e+02 
       4.872518055177e-01       3.694652932615e+02 
       4.903586652145e-01       3.645540659524e+02 
       4.934655250767e-01       3.597397816414e+02 
       4.965723851013e-01       3.550147662325e+02 
       4.996792452854e-01       3.503727861142e+02 
       5.027861056258e-01       3.458084341793e+02 
       5.058929661198e-01       3.413104865900e+02 
       5.089998267644e-01       3.368706731622e+02 
       5.121066875570e-01       3.324874431815e+02 
       5.152135484949e-01       3.281602272035e+02 
       5.183204095754e-01       3.238945322396e+02 
       5.214272707960e-01       3.196974107452e+02 
       5.245341321542e-01       3.155742198392e+02 
       5.276409936475e-01       3.115306341667e+02 
       5.307478552736e-01       3.075645189689e+02 
       5.338547170302e-01       3.036724735136e+02 
       5.369615789149e-01       2.998535945883e+02 
       5.400684409256e-01       2.961059123858e+02 
       5.431753030601e-01       2.924324579665e+02 
       5.462821653162e-01       2.888312865233e+02 
       5.493890276920e-01       2.853034597745e+02 
       5.524958901853e-01       2.818461241608e+02 
       5.556027527943e-01       2.784528348474e+02 
       5.587096155169e-01       2.751185621239e+02 
       5.618164783513e-01       2.718361585361e+02 
       5.649233412956e-01       2.686030009501e+02 
       5.680302043480e-01       2.654187508960e+02 
       5.711370675068e-01       2.622839584940e+02 
       5.742439307702e-01       2.591993374540e+02 
       5.773507941365e-01       2.561632189451e+02 
       5.804576576041e-01       2.531725920604e+02 
       5.835645211713e-01       2.502247580178e+02 
       5.866713848366e-01       2.473182534942e+02 
       5.897782485984e-01       2.444535902470e+02 
       5.928851124552e-01       2.416329167061e+02 
       5.959919764054e-01       2.388583371176e+02 
       5.990988404477e-01       2.361336230942e+02 
       6.022057045807e-01       2.334574127829e+02 
       6.053125688028e-01       2.308275920421e+02 
       6.084194331128e-01       2.282406867628e+02 
       6.115262975092e-01       2.256940113643e+02 
       6.146331619909e-01       2.231872146243e+02 
       6.177400265564e-01       2.207202217649e+02 
       6.208468912046e-01       2.182936881815e+02 
       6.239537559341e-01       2.159075010453e+02 
       6.270606207439e-01       2.135597095537e+02 
       6.301674856326e-01       2.112473056765e+02 
       6.332743505992e-01       2.089679839796e+02 
       6.363812156424e-01       2.067184544690e+02 
       6.394880807612e-01       2.044999369447e+02 
       6.425949459545e-01       2.023119609630e+02 
       6.457018112212e-01       2.001554971324e+02 
       6.488086765602e-01       1.980335276497e+02 
       6.519155419705e-01       1.959436563671e+02 
       6.550224074510e-01       1.938843877729e+02 
       6.581292730009e-01       1.918538995175e+02 
       6.612361386190e-01       1.898509145800e+02 
       6.643430043045e-01       1.878757152884e+02 
       6.674498700564e-01       1.859293314312e+02 
       6.705567358737e-01       1.840127644888e+02 
       6.736636017557e-01       1.821267368537e+02 
       6.767704677013e-01       1.802697733928e+02 
       6.798773337096e-01       1.784403917393e+02 
       6.829841997800e-01       1.766360961763e+02 
       6.860910659114e-01       1.748557409763e+02 
       6.891979321031e-01       1.730990988413e+02 
       6.923047983542e-01       1.713668101513e+02 
       6.954116646641e-01       1.696593645510e+02 
       6.985185310317e-01       1.679771722974e+02 
       7.016253974565e-01       1.663191557546e+02 
       7.047322639376e-01       1.646837902391e+02 
       7.078391304744e-01       1.630689688359e+02 
       7.109459970660e-01       1.614742799895e+02 
       7.140528637117e-01       1.598996366993e+02 
       7.171597304109e-01       1.583463279774e+02 
       7.202665971629e-01       1.568149307812e+02 
       7.233734639669e-01       1.553059094914e+02 
       7.264803308223e-01       1.538178162257e+02 
       7.295871977285e-01       1.523499791093e+02 
       7.606024550492e-01       1.387013869143e+02 
       7.935505890014e-01       1.259945113021e+02 
       8.285331204153e-01       1.142168031770e+02 
       8.656342225876e-01       1.033298675183e+02 
       9.049200648649e-01       9.332018071108e+01 
       9.464417200649e-01       8.414570542471e+01 
       9.902411038044e-01       7.577407500551e+01 
       1.036358420089e+00       6.815906631796e+01 
       1.084839257004e+00       6.125243777627e+01 
       1.135739912244e+00       5.500305332680e+01 
       1.189130376698e+00       4.935988472029e+01 
       1.245095186946e+00       4.427139673325e+01 
       1.303732795083e+00       3.968575148036e+01 
       1.365154184527e+00       3.555811481827e+01 
       1.429481317647e+00       3.184559151064e+01 
       1.496845781641e+00       2.850856921003e+01 
       1.567387798370e+00       2.550950034344e+01 
       1.641255622387e+00       2.281621784358e+01 
       1.718605273230e+00       2.039872726521e+01 
       1.799600519739e+00       1.822928910060e+01 
       1.884413037035e+00       1.628385772508e+01 
       1.973222674048e+00       1.453957328945e+01 
       2.066217789740e+00       1.297672250332e+01 
       2.163595633064e+00       1.157681107540e+01 
       2.265562753552e+00       1.032316160468e+01 
       2.372335436584e+00       9.201401161486e+00 
       2.484140161187e+00       8.197713054534e+00 
       2.601214080136e+00       7.300132656174e+00 
       2.723805522902e+00       6.497771131845e+00 
       2.852174522369e+00       5.780628811202e+00 
       2.986593366396e+00       5.140231950419e+00 
       3.127347175373e+00       4.568246175777e+00 
       3.274734506999e+00       4.057952370803e+00 
       3.429067989566e+00       3.602504742819e+00 
       3.590674985082e+00       3.196319235781e+00 
       3.759898283652e+00       2.834249500980e+00 
       3.937096830579e+00       2.511529420546e+00 
       4.122646487740e+00       2.224098065550e+00 
       4.316940830835e+00       1.968173155062e+00 
       4.520391984213e+00       1.740349809908e+00 
       4.733431495050e+00       1.537729168031e+00 
       4.956511248710e+00       1.357479202072e+00 
       5.190104427260e+00       1.197274148882e+00 
       5.434706513149e+00       1.054999381703e+00 
       5.690836340197e+00       9.286037039958e-01 
       5.959037194106e+00       8.164436337200e-01 
       6.239877964845e+00       7.169586031567e-01 
       6.533954353343e+00       6.287471741354e-01 
       6.841890135047e+00       5.506330275039e-01 
       7.164338483036e+00       4.814471554777e-01 
       7.501983353486e+00       4.202492721232e-01 
       7.855540936438e+00       3.661732098248e-01 
       8.225761174927e+00       3.183995934798e-01 
       8.613429355715e+00       2.762502057476e-01 
       9.019367774988e+00       2.390992066994e-01 
       9.444437482561e+00       2.063816723943e-01 
       9.889540108271e+00       1.776306672544e-01 
       1.035561977447e+01       1.523945038441e-01 
       1.084366509860e+01       1.302669110877e-01 
       1.135471129025e+01       1.109128607977e-01 
       1.188984234690e+01       9.401904199851e-02 
       1.245019335326e+01       7.930654226231e-02 
       1.303695288895e+01       6.652622743795e-02 
       1.365136554962e+01       5.546476693082e-02 
       1.429473458688e+01       4.591344887158e-02 
       1.496842467274e+01       3.771726763229e-02 
       1.567386479417e+01       3.070372520301e-02 
       1.641255128427e+01       2.473712270452e-02 
       1.718605099610e+01       1.969928228189e-02 
       1.799600462628e+01       1.547209510581e-02 
       1.884413019503e+01       1.196036612139e-02 
       1.973222669041e+01       9.072606332273e-03 
       2.066217788414e+01       6.726383994973e-03 
       2.163595632739e+01       4.850322417309e-03 
       2.265562753479e+01       3.378995258567e-03 
       2.372335436568e+01       2.251070115778e-03 
       2.484140161184e+01       1.413255193434e-03 
       2.601214080135e+01       8.164348716837e-04 
       2.723805522901e+01       4.148773537371e-04 
       2.852174522369e+01       1.687904375625e-04 
       2.986593366396e+01       4.141308371565e-05 
       3.127347175373e+01       4.998820255154e-07 
       3.274734506999e+01       1.760706381762e-05 
       3.429067989566e+01       6.842418007216e-05 
       3.590674985082e+01       1.328025873740e-04 
       3.759898283652e+01       1.948235013064e-04 
       3.937096830579e+01       2.431958730055e-04 
       4.122646487740e+01       2.707539315300e-04 
       4.316940830835e+01       2.746819360021e-04 
       4.520391984213e+01       2.559445910377e-04 
       4.733431495050e+01       2.188175623703e-04 
       4.956511248710e+01       1.699183315840e-04 
       5.190104427260e+01       1.171704304027e-04 
       5.434706513149e+01       6.847575624756e-05 
       5.690836340197e+01       3.048535630167e-05 
       5.959037194106e+01       7.350252157152e-06 
       6.239877964845e+01       4.559370726618e-12 
       6.533954353343e+01       5.968891148056e-06 
       6.841890135047e+01       1.995901115317e-05 
       7.164338483036e+01       3.518433906148e-05 
       7.501983353486e+01       4.525879521757e-05 
       7.855540936438e+01       4.612197527142e-05 
       8.225761174927e+01       3.746653720314e-05 
       8.613429355715e+01       2.291277447170e-05 
       9.019367774988e+01       8.629227848136e-06 
       9.444437482561e+01       6.340839277802e-07 
       9.889540108271e+01       1.826824770115e-06 
       1.035561977447e+02       1.017031405099e-05 
       1.084366509860e+02       1.947843067267e-05 
       1.135471129025e+02       2.296647564517e-05 
       1.188984234690e+02       1.783375915008e-05 
       1.245019335326e+02       7.752008688827e-06 
       1.303695288895e+02       5.733474512016e-07 
