# Matter power spectrum P(k) at redshift z=0
# for k=1.01244e-05 to 163.241 h/Mpc,
# number of wavenumbers equal to 626
#    1:k (h/Mpc)              2:P (Mpc/h)^3        
       1.012435437063e-05       6.296778822232e+01 
       2.257651330037e-05       1.382830897317e+02 
       3.506965707062e-05       2.119438736458e+02 
       4.763519422182e-05       2.846133095674e+02 
       6.030501951818e-05       3.571327355467e+02 
       7.311177979152e-05       4.297504474063e+02 
       8.608914775804e-05       5.027763830177e+02 
       9.927210722862e-05       5.765257804559e+02 
       1.126972531610e-04       6.512473445044e+02 
       1.264031100318e-04       7.271311148846e+02 
       1.404304720222e-04       8.044257742497e+02 
       1.548227684820e-04       8.834103449144e+02 
       1.696264580355e-04       9.643210994446e+02 
       1.848914544633e-04       1.047427607917e+03 
       2.006715870763e-04       1.133016638037e+03 
       2.170250976101e-04       1.221399521436e+03 
       2.340151745910e-04       1.312898927748e+03 
       2.517105245226e-04       1.407863306735e+03 
       2.701859769335e-04       1.506674048306e+03 
       2.895231170916e-04       1.609728988032e+03 
       3.098109357708e-04       1.717477000471e+03 
       3.311464795705e-04       1.830390452164e+03 
       3.536354776409e-04       1.948977354826e+03 
       3.773929110041e-04       2.073792538140e+03 
       4.025434788690e-04       2.205425923336e+03 
       4.292219025074e-04       2.344508504162e+03 
       4.575729919410e-04       2.491708330657e+03 
       4.877513850600e-04       2.647729230267e+03 
       5.199208549342e-04       2.813302097544e+03 
       5.542530722346e-04       2.989177235745e+03 
       5.909257103065e-04       3.176111251611e+03 
       6.301197960189e-04       3.374850270428e+03 
       6.720162457932e-04       3.586109586871e+03 
       7.167915877150e-04       3.810548832919e+03 
       7.646129584464e-04       4.048745024813e+03 
       8.156325728484e-04       4.301164061446e+03 
       8.699819817592e-04       4.568129210102e+03 
       9.277665379262e-04       4.849797890465e+03 
       9.890605550501e-04       5.146138664859e+03 
       1.053903645098e-03       5.456919084538e+03 
       1.122298639702e-03       5.781699760224e+03 
       1.194211346097e-03       6.119845649787e+03 
       1.269572181179e-03       6.470539592373e+03 
       1.348279509159e-03       6.832776306240e+03 
       1.430204323406e-03       7.205480037718e+03 
       1.515195796064e-03       7.587483928021e+03 
       1.603087185090e-03       7.977560251139e+03 
       1.693701631244e-03       8.374467895551e+03 
       1.786857474953e-03       8.776977835579e+03 
       1.882372846109e-03       9.183903746242e+03 
       1.980069402286e-03       9.594114994516e+03 
       2.079775194261e-03       1.000655567327e+04 
       2.181326713098e-03       1.042025110670e+04 
       2.284570219489e-03       1.083430522198e+04 
       2.389362477613e-03       1.124791870099e+04 
       2.495571018853e-03       1.166036001352e+04 
       2.603074051826e-03       1.207099020657e+04 
       2.711760119816e-03       1.247923725570e+04 
       2.821527588927e-03       1.288459712968e+04 
       2.932284032756e-03       1.328664054181e+04 
       3.043945563558e-03       1.368497975598e+04 
       3.156436146477e-03       1.407928636915e+04 
       3.269686922559e-03       1.446926962118e+04 
       3.383635557749e-03       1.485469326656e+04 
       3.498225628635e-03       1.523535153752e+04 
       3.613406050982e-03       1.561106983230e+04 
       3.729130553682e-03       1.598170045495e+04 
       3.845357198414e-03       1.634712599438e+04 
       3.962047943751e-03       1.670724713798e+04 
       4.079168251444e-03       1.706198175520e+04 
       4.196686732094e-03       1.741127559344e+04 
       4.314574827084e-03       1.775506526561e+04 
       4.432806523638e-03       1.809332809239e+04 
       4.551358099870e-03       1.842603430368e+04 
       4.670207896890e-03       1.875316718102e+04 
       4.789336115161e-03       1.907473636520e+04 
       4.908724632578e-03       1.939073203930e+04 
       5.028356841920e-03       1.970118361281e+04 
       5.148217505561e-03       2.000608265526e+04 
       5.268292625561e-03       2.030546766655e+04 
       5.388569327408e-03       2.059936912123e+04 
       5.509035755916e-03       2.088780680327e+04 
       5.629680981924e-03       2.117083183336e+04 
       5.750494918588e-03       2.144846532384e+04 
       5.871468246215e-03       2.172076285743e+04 
       5.992592344693e-03       2.198774208731e+04 
       6.113859232683e-03       2.224947912037e+04 
       6.235261512838e-03       2.250599503301e+04 
       6.356792322389e-03       2.275735107153e+04 
       6.478445288534e-03       2.300358047317e+04 
       6.600214488102e-03       2.324474087966e+04 
       6.722094411053e-03       2.348088111416e+04 
       6.844079927402e-03       2.371204631530e+04 
       6.966166257218e-03       2.393830551796e+04 
       7.088348943376e-03       2.415968608946e+04 
       7.210623826788e-03       2.437625641426e+04 
       7.332987023851e-03       2.458806070528e+04 
       7.455434905910e-03       2.479516057268e+04 
       7.577964080510e-03       2.499760258423e+04 
       7.700571374289e-03       2.519543988435e+04 
       7.823253817336e-03       2.538873186921e+04 
       7.946008628874e-03       2.557753131227e+04 
       8.068833204154e-03       2.576188689239e+04 
       8.191725102434e-03       2.594185420151e+04 
       8.314682035948e-03       2.611748197684e+04 
       8.437701859770e-03       2.628882802062e+04 
       8.560782562504e-03       2.645593727446e+04 
       8.683922257704e-03       2.661886756298e+04 
       8.807119175985e-03       2.677767296228e+04 
       8.930371657735e-03       2.693239449337e+04 
       9.053678146408e-03       2.708308556641e+04 
       9.177037182320e-03       2.722980992871e+04 
       9.300447396922e-03       2.737260592330e+04 
       9.423907507500e-03       2.751152215013e+04 
       9.547416312280e-03       2.764661936369e+04 
       9.670972685884e-03       2.777793388641e+04 
       9.794575575129e-03       2.790552514795e+04 
       9.918223995127e-03       2.802943644096e+04 
       1.004191702567e-02       2.814971976274e+04 
       1.016565380789e-02       2.826641826972e+04 
       1.028943354110e-02       2.837958166624e+04 
       1.041325547995e-02       2.848925366350e+04 
       1.053711893172e-02       2.859548191261e+04 
       1.066102325379e-02       2.869831035527e+04 
       1.078496785137e-02       2.879778516029e+04 
       1.090895217527e-02       2.889394816936e+04 
       1.103297571997e-02       2.898683918242e+04 
       1.115703802164e-02       2.907650572891e+04 
       1.128113865651e-02       2.916298186224e+04 
       1.140527723914e-02       2.924631543256e+04 
       1.152945342100e-02       2.932654254662e+04 
       1.165366688899e-02       2.940370024898e+04 
       1.177791736419e-02       2.947783320470e+04 
       1.190220460059e-02       2.954897344688e+04 
       1.202652838399e-02       2.961717219284e+04 
       1.215088853095e-02       2.968245273500e+04 
       1.227528488777e-02       2.974485524877e+04 
       1.239971732963e-02       2.980441975192e+04 
       1.252418575971e-02       2.986117055990e+04 
       1.264869010844e-02       2.991515519513e+04 
       1.277323033273e-02       2.996640370976e+04 
       1.289780641534e-02       3.001495269019e+04 
       1.302241836424e-02       3.006083390172e+04 
       1.314706621207e-02       3.010407923573e+04 
       1.327175001556e-02       3.014471994641e+04 
       1.339646985508e-02       3.018279273036e+04 
       1.352122583423e-02       3.021831713641e+04 
       1.364601807936e-02       3.025133875024e+04 
       1.377084673929e-02       3.028188578219e+04 
       1.389571198492e-02       3.030999226774e+04 
       1.402061400895e-02       3.033568955140e+04 
       1.414555302563e-02       3.035900310016e+04 
       1.427052927050e-02       3.037996753359e+04 
       1.439554300018e-02       3.039861829083e+04 
       1.452059449225e-02       3.041498119766e+04 
       1.464568404502e-02       3.042909734841e+04 
       1.477081197744e-02       3.044098352051e+04 
       1.489597862900e-02       3.045068733371e+04 
       1.502118435966e-02       3.045822679991e+04 
       1.514642954977e-02       3.046364276022e+04 
       1.527171460003e-02       3.046695019389e+04 
       1.539703993154e-02       3.046819089071e+04 
       1.552240598572e-02       3.046739373909e+04 
       1.564781322442e-02       3.046458508706e+04 
       1.577326212989e-02       3.045979761458e+04 
       1.589875320493e-02       3.045305847360e+04 
       1.602428697292e-02       3.044439518976e+04 
       1.614986397792e-02       3.043384259799e+04 
       1.627548478484e-02       3.042142757536e+04 
       1.640114997954e-02       3.040717204034e+04 
       1.652686016901e-02       3.039111212127e+04 
       1.665261598151e-02       3.037328047535e+04 
       1.677841806681e-02       3.035369127613e+04 
       1.690426709636e-02       3.033237626458e+04 
       1.703016376355e-02       3.030936396987e+04 
       1.715610878390e-02       3.028468366172e+04 
       1.728210289537e-02       3.025835743012e+04 
       1.740814685862e-02       3.023041182050e+04 
       1.753424145727e-02       3.020086911340e+04 
       1.766038749826e-02       3.016975843682e+04 
       1.778658581213e-02       3.013710204783e+04 
       1.791283725339e-02       3.010292173089e+04 
       1.803914270084e-02       3.006725014174e+04 
       1.816550305798e-02       3.003010428474e+04 
       1.829191925340e-02       2.999150630021e+04 
       1.841839224117e-02       2.995148425848e+04 
       1.854492300125e-02       2.991005591148e+04 
       1.867151253997e-02       2.986724767729e+04 
       1.879816189048e-02       2.982307956238e+04 
       1.892487211319e-02       2.977757407140e+04 
       1.905164429633e-02       2.973075932181e+04 
       1.917847955640e-02       2.968264744810e+04 
       1.930537903875e-02       2.963326880441e+04 
       1.943234391810e-02       2.958264196014e+04 
       1.955937539914e-02       2.953078567281e+04 
       1.968647471708e-02       2.947772581673e+04 
       1.981364313832e-02       2.942348727544e+04 
       1.994088196101e-02       2.936808295842e+04 
       2.006819251579e-02       2.931153916401e+04 
       2.019557616637e-02       2.925388270808e+04 
       2.032303431031e-02       2.919511901956e+04 
       2.045056837967e-02       2.913528188924e+04 
       2.057817984182e-02       2.907440153652e+04 
       2.070587020016e-02       2.901247782610e+04 
       2.083364099492e-02       2.894954197718e+04 
       2.096149380398e-02       2.888561488411e+04 
       2.108943024374e-02       2.882071474868e+04 
       2.121745196994e-02       2.875486385316e+04 
       2.134556067858e-02       2.868807781786e+04 
       2.147375810686e-02       2.862038429314e+04 
       2.160204603412e-02       2.855180208092e+04 
       2.173042628282e-02       2.848233740252e+04 
       2.185890071957e-02       2.841203250126e+04 
       2.198747125615e-02       2.834087548132e+04 
       2.211613985062e-02       2.826891327457e+04 
       2.224490850842e-02       2.819614822124e+04 
       2.237377928353e-02       2.812260629347e+04 
       2.250275427963e-02       2.804829781106e+04 
       2.263183565135e-02       2.797324855951e+04 
       2.276102560551e-02       2.789746361599e+04 
       2.289032640245e-02       2.782097145066e+04 
       2.301974035734e-02       2.774378529406e+04 
       2.314926984158e-02       2.766592235198e+04 
       2.327891728424e-02       2.758739742707e+04 
       2.340868517353e-02       2.750822722797e+04 
       2.353857605831e-02       2.742842297639e+04 
       2.366859254967e-02       2.734801921375e+04 
       2.379873732257e-02       2.726700686633e+04 
       2.392901311750e-02       2.718541962054e+04 
       2.405942274222e-02       2.710325965250e+04 
       2.418996907353e-02       2.702055288354e+04 
       2.432065505917e-02       2.693730855527e+04 
       2.445148371965e-02       2.685354686895e+04 
       2.458245815030e-02       2.676928016192e+04 
       2.471358152325e-02       2.668452526714e+04 
       2.484485708960e-02       2.659929118876e+04 
       2.497628818154e-02       2.651360278636e+04 
       2.510787821464e-02       2.642745967039e+04 
       2.523963069017e-02       2.634088944522e+04 
       2.537154919753e-02       2.625389900417e+04 
       2.550363741670e-02       2.616650932759e+04 
       2.563589912090e-02       2.607872691635e+04 
       2.576833817920e-02       2.599056846548e+04 
       2.590095855931e-02       2.590205098201e+04 
       2.603376433046e-02       2.581317816217e+04 
       2.616675966636e-02       2.572396641501e+04 
       2.629994884827e-02       2.563443000019e+04 
       2.643333626823e-02       2.554458621307e+04 
       2.656692643232e-02       2.545444251491e+04 
       2.670072396410e-02       2.536400916879e+04 
       2.683473360822e-02       2.527330304292e+04 
       2.696896023401e-02       2.518232165802e+04 
       2.710340883942e-02       2.509109417038e+04 
       2.723808455491e-02       2.499962292701e+04 
       2.737299264762e-02       2.490791963193e+04 
       2.750813852564e-02       2.481599556488e+04 
       2.764352774247e-02       2.472386280079e+04 
       2.777916600163e-02       2.463152877088e+04 
       2.791505916150e-02       2.453900480675e+04 
       2.805121324029e-02       2.444629898306e+04 
       2.818763442125e-02       2.435342713696e+04 
       2.832432905806e-02       2.426039423353e+04 
       2.846130368051e-02       2.416721309604e+04 
       2.859856500031e-02       2.407388954301e+04 
       2.873611991719e-02       2.398043322251e+04 
       2.887397552532e-02       2.388685995153e+04 
       2.901213911986e-02       2.379317174537e+04 
       2.915061820390e-02       2.369938006231e+04 
       2.928942049566e-02       2.360549700130e+04 
       2.942855393599e-02       2.351151976151e+04 
       2.956802669622e-02       2.341746885518e+04 
       2.970784718632e-02       2.332334866977e+04 
       2.984802406347e-02       2.322916824714e+04 
       2.998856624096e-02       2.313492929723e+04 
       3.012948289755e-02       2.304064443452e+04 
       3.027078348716e-02       2.294631925357e+04 
       3.041247774913e-02       2.285195888710e+04 
       3.055457571886e-02       2.275757692403e+04 
       3.069708773900e-02       2.266317473011e+04 
       3.084002447110e-02       2.256876072093e+04 
       3.098339690791e-02       2.247433370172e+04 
       3.112721638622e-02       2.237990864307e+04 
       3.127149460029e-02       2.228549300172e+04 
       3.141624361599e-02       2.219108192997e+04 
       3.156147588564e-02       2.209669467288e+04 
       3.170720426359e-02       2.200231886865e+04 
       3.185344202251e-02       2.190797252364e+04 
       3.200020287063e-02       2.181366331811e+04 
       3.214750096979e-02       2.171938581257e+04 
       3.229535095447e-02       2.162515579105e+04 
       3.244376795177e-02       2.153096763059e+04 
       3.259276760252e-02       2.143682873930e+04 
       3.274236608345e-02       2.134274774141e+04 
       3.289258013066e-02       2.124872231335e+04 
       3.304342706423e-02       2.115475924547e+04 
       3.319492481439e-02       2.106086147435e+04 
       3.334709194897e-02       2.096703325079e+04 
       3.349994770252e-02       2.087328051193e+04 
       3.365351200709e-02       2.077959555433e+04 
       3.380780552473e-02       2.068599408276e+04 
       3.396284968198e-02       2.059247264214e+04 
       3.411866670635e-02       2.049903287358e+04 
       3.427527966501e-02       2.040567530172e+04 
       3.443271250581e-02       2.031240365989e+04 
       3.459099010090e-02       2.021922043282e+04 
       3.475013829293e-02       2.012612663800e+04 
       3.491018394429e-02       2.003311698660e+04 
       3.507115498941e-02       1.994019992731e+04 
       3.523308049046e-02       1.984737704797e+04 
       3.539599069672e-02       1.975464155346e+04 
       3.555991710782e-02       1.966200419656e+04 
       3.572489254129e-02       1.956945656552e+04 
       3.589095120464e-02       1.947700120054e+04 
       3.605812877248e-02       1.938463074553e+04 
       3.622646246891e-02       1.929235502700e+04 
       3.639599115585e-02       1.920016727636e+04 
       3.656675542765e-02       1.910806874457e+04 
       3.673879771261e-02       1.901605954315e+04 
       3.691216238191e-02       1.892413152778e+04 
       3.708689586680e-02       1.883228769200e+04 
       3.726304678461e-02       1.874052214964e+04 
       3.744066607448e-02       1.864883399266e+04 
       3.761980714371e-02       1.855722193729e+04 
       3.780052602572e-02       1.846568017444e+04 
       3.798288155069e-02       1.837420548015e+04 
       3.816693553025e-02       1.828279288567e+04 
       3.835275295744e-02       1.819143569289e+04 
       3.854040222357e-02       1.810013423639e+04 
       3.872995535372e-02       1.800887480790e+04 
       3.892148826273e-02       1.791765921618e+04 
       3.911508103392e-02       1.782648266919e+04 
       3.931081822295e-02       1.773533016613e+04 
       3.950878918951e-02       1.764420052889e+04 
       3.970908846004e-02       1.755308621980e+04 
       3.991181612487e-02       1.746197612019e+04 
       4.011707827371e-02       1.737086486125e+04 
       4.032498747418e-02       1.727973985039e+04 
       4.053566329822e-02       1.718859507456e+04 
       4.074923290237e-02       1.709741815350e+04 
       4.096583166856e-02       1.700619013315e+04 
       4.118560391295e-02       1.691491088027e+04 
       4.140870367158e-02       1.682356097288e+04 
       4.163529557302e-02       1.673212726969e+04 
       4.186555580936e-02       1.664059425131e+04 
       4.209967321929e-02       1.654894486960e+04 
       4.233785049860e-02       1.645716325949e+04 
       4.258030555632e-02       1.636523397355e+04 
       4.282727303770e-02       1.627313203631e+04 
       4.307900603871e-02       1.618084134982e+04 
       4.333577804114e-02       1.608833733992e+04 
       4.359788510265e-02       1.599559897224e+04 
       4.386564834205e-02       1.590259378959e+04 
       4.413941676807e-02       1.580930110979e+04 
       4.441957050858e-02       1.571568482668e+04 
       4.470652450865e-02       1.562171568427e+04 
       4.500073277934e-02       1.552735201789e+04 
       4.530269329587e-02       1.543255962934e+04 
       4.561295366440e-02       1.533729516850e+04 
       4.593211770222e-02       1.524151162768e+04 
       4.626085310781e-02       1.514515643033e+04 
       4.659990043694e-02       1.504817198876e+04 
       4.695008365055e-02       1.495049921538e+04 
       4.731232256269e-02       1.485206581319e+04 
       4.768764759559e-02       1.475279251279e+04 
       4.807721734928e-02       1.465258910277e+04 
       4.848233961994e-02       1.455135967409e+04 
       4.890449666349e-02       1.444898413681e+04 
       4.934537570708e-02       1.434533464041e+04 
       4.980690597456e-02       1.424025660512e+04 
       5.029130382542e-02       1.413357567872e+04 
       5.080112802801e-02       1.402508020086e+04 
       5.133934771036e-02       1.391451937783e+04 
       5.190942616701e-02       1.380159399690e+04 
       5.251542443658e-02       1.368593518734e+04 
       5.316212934984e-02       1.356708811677e+04 
       5.385521142998e-02       1.344448791958e+04 
       5.460141825305e-02       1.331741722992e+04 
       5.540880790015e-02       1.318494469201e+04 
       5.628702345036e-02       1.304586091417e+04 
       5.724760021611e-02       1.289857095515e+04 
       5.830427749989e-02       1.274094329687e+04 
       5.947324778150e-02       1.257010870611e+04 
       6.077320744731e-02       1.238222270541e+04 
       6.222496683482e-02       1.217218213202e+04 
       6.385025041305e-02       1.193340046775e+04 
       6.566925916097e-02       1.165785992250e+04 
       6.769679213528e-02       1.133676923948e+04 
       6.993750885514e-02       1.096220911925e+04 
       7.238217061956e-02       1.052983699911e+04 
       7.500736963146e-02       1.004181594151e+04 
       7.777986255782e-02       9.508495610190e+03 
       8.066363182571e-02       8.947600670982e+03 
       8.362615549167e-02       8.381181770223e+03 
       8.664167265560e-02       7.831724777127e+03 
       8.969158129985e-02       7.318789838315e+03 
       9.276326925710e-02       6.856871608690e+03 
       9.584853254810e-02       6.454531739234e+03 
       9.894217417661e-02       6.114520194267e+03 
       1.020409561875e-01       5.834510483971e+03 
       1.051428817430e-01       5.608143068471e+03 
       1.082467270309e-01       5.426143226143e+03 
       1.113517447679e-01       5.277439208147e+03 
       1.144574795942e-01       5.150231971603e+03 
       1.175636543131e-01       5.033033494639e+03 
       1.206701002210e-01       4.915650539761e+03 
       1.237767145984e-01       4.790033773407e+03 
       1.268834348309e-01       4.650894095066e+03 
       1.299902226757e-01       4.495990366676e+03 
       1.330970547021e-01       4.326022030465e+03 
       1.362039164873e-01       4.144172560739e+03 
       1.393107990907e-01       3.955390692325e+03 
       1.424176969139e-01       3.765548670958e+03 
       1.455246064002e-01       3.580618709167e+03 
       1.486315252443e-01       3.405972569649e+03 
       1.517384519116e-01       3.245871324877e+03 
       1.548453853458e-01       3.103161329092e+03 
       1.579523247902e-01       2.979169083029e+03 
       1.610592696785e-01       2.873760418548e+03 
       1.641662195677e-01       2.785523313915e+03 
       1.672731740969e-01       2.712029326239e+03 
       1.703801329616e-01       2.650146465891e+03 
       1.734870958973e-01       2.596363562730e+03 
       1.765940626692e-01       2.547230345893e+03 
       1.797010330658e-01       2.500045486645e+03 
       1.828080068941e-01       2.451054360451e+03 
       1.859149839766e-01       2.398161470431e+03 
       1.890219641490e-01       2.340197214500e+03 
       1.921289472587e-01       2.276925520458e+03 
       1.952359331636e-01       2.208945470452e+03 
       1.983429217307e-01       2.137507656518e+03 
       2.014499128355e-01       2.064287140875e+03 
       2.045569063613e-01       1.991141733343e+03 
       2.076639021986e-01       1.919886854492e+03 
       2.107709002442e-01       1.852118873534e+03 
       2.138779004012e-01       1.789086267397e+03 
       2.169849025783e-01       1.731619476222e+03 
       2.200919066893e-01       1.680107412794e+03 
       2.231989126528e-01       1.634517343755e+03 
       2.263059203920e-01       1.594442509687e+03 
       2.294129298343e-01       1.559171090291e+03 
       2.325199409109e-01       1.527772048611e+03 
       2.356269535569e-01       1.499187445355e+03 
       2.387339677104e-01       1.472328376806e+03 
       2.418409833131e-01       1.446167191217e+03 
       2.449480003094e-01       1.419821400157e+03 
       2.480550186467e-01       1.392617059124e+03 
       2.511620382748e-01       1.364132606306e+03 
       2.542690591463e-01       1.334213702245e+03 
       2.573760812157e-01       1.302959420924e+03 
       2.604831044399e-01       1.270684246896e+03 
       2.635901287779e-01       1.237860029811e+03 
       2.666971541906e-01       1.205047600568e+03 
       2.698041806405e-01       1.172828078480e+03 
       2.729112080922e-01       1.141737299521e+03 
       2.760182365114e-01       1.112217367131e+03 
       2.791252658658e-01       1.084582063018e+03 
       2.822322961243e-01       1.058999438797e+03 
       2.853393272572e-01       1.035493594197e+03 
       2.884463592361e-01       1.013956270446e+03 
       2.915533920339e-01       9.941718274235e+02 
       2.946604256243e-01       9.758467549717e+02 
       2.977674599827e-01       9.586436459049e+02 
       3.008744950849e-01       9.422142453797e+02 
       3.039815309081e-01       9.262291432989e+02 
       3.070885674303e-01       9.104042322418e+02 
       3.101956046304e-01       8.945191669759e+02 
       3.133026424882e-01       8.784278210839e+02 
       3.164096809841e-01       8.620636512494e+02 
       3.195167200994e-01       8.454342025829e+02 
       3.226237598162e-01       8.286124339716e+02 
       3.257308001171e-01       8.117203611675e+02 
       3.288378409856e-01       7.949121898115e+02 
       3.319448824056e-01       7.783549508325e+02 
       3.350519243618e-01       7.622104827444e+02 
       3.381589668392e-01       7.466195103131e+02 
       3.412660098235e-01       7.316904668505e+02 
       3.443730533011e-01       7.174907827942e+02 
       3.474800972585e-01       7.040447669818e+02 
       3.505871416830e-01       6.913347461837e+02 
       3.536941865622e-01       6.793061739076e+02 
       3.568012318842e-01       6.678760325439e+02 
       3.599082776375e-01       6.569431504271e+02 
       3.630153238109e-01       6.463987415968e+02 
       3.661223703937e-01       6.361369680507e+02 
       3.692294173755e-01       6.260633861601e+02 
       3.723364647463e-01       6.161022918547e+02 
       3.754435124965e-01       6.062005810350e+02 
       3.785505606165e-01       5.963287831732e+02 
       3.816576090974e-01       5.864803614909e+02 
       3.847646579304e-01       5.766681356724e+02 
       3.878717071069e-01       5.669200329546e+02 
       3.909787566188e-01       5.572737669430e+02 
       3.940858064581e-01       5.477715756981e+02 
       3.971928566170e-01       5.384553288292e+02 
       4.002999070882e-01       5.293624268927e+02 
       4.034069578643e-01       5.205230360142e+02 
       4.065140089384e-01       5.119578869328e+02 
       4.096210603036e-01       5.036781666028e+02 
       4.127281119534e-01       4.956845330727e+02 
       4.158351638812e-01       4.879686731232e+02 
       4.189422160811e-01       4.805146157192e+02 
       4.220492685468e-01       4.732999001692e+02 
       4.251563212725e-01       4.662979735719e+02 
       4.282633742526e-01       4.594803456393e+02 
       4.313704274816e-01       4.528180848338e+02 
       4.344774809541e-01       4.462843134143e+02 
       4.375845346648e-01       4.398555752318e+02 
       4.406915886088e-01       4.335132675290e+02 
       4.437986427811e-01       4.272446399262e+02 
       4.469056971770e-01       4.210428765338e+02 
       4.500127517917e-01       4.149073406873e+02 
       4.531198066208e-01       4.088426107086e+02 
       4.562268616599e-01       4.028575749063e+02 
       4.593339169046e-01       3.969638723399e+02 
       4.624409723510e-01       3.911745667494e+02 
       4.655480279948e-01       3.855022976349e+02 
       4.686550838321e-01       3.799579074232e+02 
       4.717621398592e-01       3.745493401976e+02 
       4.748691960723e-01       3.692807060795e+02 
       4.779762524677e-01       3.641520337241e+02 
       4.810833090419e-01       3.591594200311e+02 
       4.841903657914e-01       3.542953566296e+02 
       4.872974227129e-01       3.495498801677e+02 
       4.904044798031e-01       3.449113778803e+02 
       4.935115370589e-01       3.403678342513e+02 
       4.966185944770e-01       3.359079741685e+02 
       4.997256520544e-01       3.315218032737e+02 
       5.028327097883e-01       3.272015459482e+02 
       5.059397676756e-01       3.229418953259e+02 
       5.090468257136e-01       3.187399127610e+02 
       5.121538838996e-01       3.145949567115e+02 
       5.152609422307e-01       3.105081274438e+02 
       5.183680007046e-01       3.064817775962e+02 
       5.214750593184e-01       3.025188999894e+02 
       5.245821180699e-01       2.986225980180e+02 
       5.276891769564e-01       2.947956431673e+02 
       5.307962359758e-01       2.910400478401e+02 
       5.339032951255e-01       2.873569082230e+02 
       5.370103544034e-01       2.837464141550e+02 
       5.401174138073e-01       2.802078314792e+02 
       5.432244733349e-01       2.767396919158e+02 
       5.463315329842e-01       2.733397816013e+02 
       5.494385927531e-01       2.700054388489e+02 
       5.525456526395e-01       2.667335897376e+02 
       5.556527126415e-01       2.635210606797e+02 
       5.587597727572e-01       2.603646234601e+02 
       5.618668329846e-01       2.572612085839e+02 
       5.649738933219e-01       2.542079366248e+02 
       5.680809537673e-01       2.512022827168e+02 
       5.711880143191e-01       2.482420401639e+02 
       5.742950749755e-01       2.453256568029e+02 
       5.774021357348e-01       2.424520025381e+02 
       5.805091965953e-01       2.396204662514e+02 
       5.836162575555e-01       2.368306980601e+02 
       5.867233186137e-01       2.340828749657e+02 
       5.898303797684e-01       2.313774290873e+02 
       5.929374410181e-01       2.287147600692e+02 
       5.960445023612e-01       2.260951903014e+02 
       5.991515637964e-01       2.235188920915e+02 
       6.022586253222e-01       2.209858598671e+02 
       6.053656869372e-01       2.184956656202e+02 
       6.084727486400e-01       2.160475309132e+02 
       6.115798104293e-01       2.136404136751e+02 
       6.146868723037e-01       2.112731323642e+02 
       6.177939342621e-01       2.089442695649e+02 
       6.209009963030e-01       2.066523101717e+02 
       6.240080584254e-01       2.043958678485e+02 
       6.271151206279e-01       2.021736565763e+02 
       6.302221829094e-01       1.999844128232e+02 
       6.333292452687e-01       1.978271184936e+02 
       6.364363077047e-01       1.957009979148e+02 
       6.395433702162e-01       1.936053053791e+02 
       6.426504328022e-01       1.915394797543e+02 
       6.457574954616e-01       1.895031675361e+02 
       6.488645581933e-01       1.874960434251e+02 
       6.519716209963e-01       1.855177246427e+02 
       6.550786838695e-01       1.835680528698e+02 
       6.581857468120e-01       1.816468253066e+02 
       6.612928098228e-01       1.797536633602e+02 
       6.643998729010e-01       1.778883561602e+02 
       6.675069360455e-01       1.760506142211e+02 
       6.706139992555e-01       1.742399965318e+02 
       6.737210625300e-01       1.724560580602e+02 
       6.768281258682e-01       1.706983450176e+02 
       6.799351892692e-01       1.689661222203e+02 
       6.830422527322e-01       1.672590443769e+02 
       6.861493162562e-01       1.655764071935e+02 
       6.892563798405e-01       1.639174578663e+02 
       6.923634434842e-01       1.622815689441e+02 
       6.954705071866e-01       1.606684454427e+02 
       6.985775709468e-01       1.590770626899e+02 
       7.016846347642e-01       1.575077120918e+02 
       7.047916986379e-01       1.559592120529e+02 
       7.078987625671e-01       1.544316272689e+02 
       7.110058265513e-01       1.529243929801e+02 
       7.141128905895e-01       1.514375064192e+02 
       7.172199546813e-01       1.499705802213e+02 
       7.203270188257e-01       1.485232057570e+02 
       7.234340830223e-01       1.470955048278e+02 
       7.265411472702e-01       1.456869119193e+02 
       7.296482115689e-01       1.442972842042e+02 
       7.974242195319e-01       1.180909762378e+02 
       8.955821931343e-01       9.062429666900e+01 
       1.051707813338e+00       6.251629020472e+01 
       1.298332116954e+00       3.811924877156e+01 
       1.632437189435e+00       2.205772741856e+01 
       2.055081879454e+00       1.261384047401e+01 
       2.587194688887e+00       7.155550334649e+00 
       3.257085139048e+00       4.029946161529e+00 
       4.100427249925e+00       2.254788900075e+00 
       5.162132064144e+00       1.254091820643e+00 
       6.498739234588e+00       6.937427463947e-01 
       8.181427967047e+00       3.818784108809e-01 
       1.029980757248e+01       2.092627647824e-01 
       1.296668948958e+01       1.141992872199e-01 
       1.632409490528e+01       6.208417538649e-02 
       2.055081790080e+01       3.363322765388e-02 
       2.587194688847e+01       1.816027456471e-02 
       3.257085139048e+01       9.775078726686e-03 
       4.100427249925e+01       5.245123803768e-03 
       5.162132064144e+01       2.805289786974e-03 
       6.498739234588e+01       1.494948785296e-03 
       8.181427967047e+01       7.931816514766e-04 
       1.029980757248e+02       4.184556106001e-04 
       1.296668948958e+02       2.190329388252e-04 
       1.632409490528e+02       1.133847453940e-04 
