# Matter power spectrum P(k) at redshift z=0
# for k=5.23499e-06 to 105.958 h/Mpc,
# number of wavenumbers equal to 575
#    1:k (h/Mpc)              2:P (Mpc/h)^3        
       5.234991785391e-06       4.120336273777e+02 
       1.444923295173e-05       1.213200042930e+03 
       2.367700668676e-05       1.970467035341e+03 
       3.293099874673e-05       2.711575854900e+03 
       4.222398879888e-05       3.445414749154e+03 
       5.156890883351e-05       4.175060932813e+03 
       6.097890245435e-05       4.903021552979e+03 
       7.046738546766e-05       5.631655672714e+03 
       8.004810819356e-05       6.361837350027e+03 
       8.973521992642e-05       7.095207084553e+03 
       9.954333597681e-05       7.832533170013e+03 
       1.094876077322e-04       8.574989903628e+03 
       1.195837961781e-04       9.323983031915e+03 
       1.298483493239e-04       1.008029159030e+04 
       1.402984839765e-04       1.084499692362e+04 
       1.509522722984e-04       1.161917665743e+04 
       1.618287335745e-04       1.240394672997e+04 
       1.729479315836e-04       1.320040488735e+04 
       1.843310779362e-04       1.400945352318e+04 
       1.960006416769e-04       1.483224676874e+04 
       2.079804653711e-04       1.566994661766e+04 
       2.202958877771e-04       1.652365232215e+04 
       2.329738730528e-04       1.739453111306e+04 
       2.460431462392e-04       1.828375218225e+04 
       2.595343344976e-04       1.919250999155e+04 
       2.734801132374e-04       2.012203743057e+04 
       2.879153558390e-04       2.107354645310e+04 
       3.028772851424e-04       2.204827296806e+04 
       3.184056242146e-04       2.304745455917e+04 
       3.345427431115e-04       2.407231091383e+04 
       3.513337974070e-04       2.512403917897e+04 
       3.688268531547e-04       2.620379573150e+04 
       3.870729916851e-04       2.731267894302e+04 
       4.061263862366e-04       2.845168739670e+04 
       4.260443409047e-04       2.962169810486e+04 
       4.468872808378e-04       3.082347424407e+04 
       4.687186811082e-04       3.205756632601e+04 
       4.916049203903e-04       3.332424467099e+04 
       5.156150446743e-04       3.462357901495e+04 
       5.408204259922e-04       3.595517161226e+04 
       5.672943018196e-04       3.731833089961e+04 
       5.951111827701e-04       3.871180946783e+04 
       6.243461197453e-04       4.013396574855e+04 
       6.550738270942e-04       4.158242359410e+04 
       6.873676657178e-04       4.305429725822e+04 
       7.212984993420e-04       4.454607969495e+04 
       7.569334480077e-04       4.605359615708e+04 
       7.943345744599e-04       4.757198926887e+04 
       8.335575504646e-04       4.909596175818e+04 
       8.746503597512e-04       5.061964109493e+04 
       9.176521007166e-04       5.213679158735e+04 
       9.625919538105e-04       5.364082002900e+04 
       1.009488374601e-03       5.512502903278e+04 
       1.058348563534e-03       5.658272116445e+04 
       1.109168247895e-03       5.800732420149e+04 
       1.161931791804e-03       5.939260356466e+04 
       1.216612628519e-03       6.073257042675e+04 
       1.273173988175e-03       6.202193637764e+04 
       1.331569876070e-03       6.325602565064e+04 
       1.391746243361e-03       6.443062425192e+04 
       1.453642284904e-03       6.554238780538e+04 
       1.517191797952e-03       6.658859926391e+04 
       1.582324539897e-03       6.756734392873e+04 
       1.648967531945e-03       6.847736012305e+04 
       1.717046266833e-03       6.931790973892e+04 
       1.786485790977e-03       7.008899848960e+04 
       1.857211643349e-03       7.079112823598e+04 
       1.929150643947e-03       7.142504271064e+04 
       2.002231533376e-03       7.199201840166e+04 
       2.076385471563e-03       7.249362350107e+04 
       2.151546408058e-03       7.293161293320e+04 
       2.227651338940e-03       7.330801101606e+04 
       2.304640466441e-03       7.362487422362e+04 
       2.382457277290e-03       7.388466062308e+04 
       2.461048554965e-03       7.408979175898e+04 
       2.540364339628e-03       7.424263235895e+04 
       2.620357847917e-03       7.434575345064e+04 
       2.700985363039e-03       7.440148090240e+04 
       2.782206103927e-03       7.441230721876e+04 
       2.863982080657e-03       7.438046783512e+04 
       2.946277941930e-03       7.430823449276e+04 
       3.029060819166e-03       7.419785493922e+04 
       3.112300170746e-03       7.405145110382e+04 
       3.195967629036e-03       7.387103212478e+04 
       3.280036852126e-03       7.365873248592e+04 
       3.364483381630e-03       7.341633476339e+04 
       3.449284507425e-03       7.314581664276e+04 
       3.534419139878e-03       7.284880184687e+04 
       3.619867689772e-03       7.252696274075e+04 
       3.705611956012e-03       7.218172395260e+04 
       3.791635020956e-03       7.181469000570e+04 
       3.877921153170e-03       7.142735728063e+04 
       3.964455717294e-03       7.102089599040e+04 
       4.051225090660e-03       7.059678911827e+04 
       4.138216586287e-03       7.015616538672e+04 
       4.225418381857e-03       6.970020391020e+04 
       4.312819454265e-03       6.922992754106e+04 
       4.400409519356e-03       6.874636431271e+04 
       4.488178976473e-03       6.825066236718e+04 
       4.576118857443e-03       6.774350218853e+04 
       4.664220779662e-03       6.722599984979e+04 
       4.752476902956e-03       6.669892388251e+04 
       4.840879889903e-03       6.616316079177e+04 
       4.929422869353e-03       6.561938259673e+04 
       5.018099402864e-03       6.506838917915e+04 
       5.106903453820e-03       6.451080728142e+04 
       5.195829359015e-03       6.394719198787e+04 
       5.284871802481e-03       6.337830806364e+04 
       5.374025791386e-03       6.280452131640e+04 
       5.463286633826e-03       6.222632775895e+04 
       5.552649918343e-03       6.164433185553e+04 
       5.642111495038e-03       6.105889835239e+04 
       5.731667458136e-03       6.047027308934e+04 
       5.821314129889e-03       5.987888641220e+04 
       5.911048045703e-03       5.928504610541e+04 
       6.000865940385e-03       5.868903759028e+04 
       6.090764735423e-03       5.809112080775e+04 
       6.180741527216e-03       5.749159122199e+04 
       6.270793576171e-03       5.689051613568e+04 
       6.360918296597e-03       5.628819960765e+04 
       6.451113247339e-03       5.568472848789e+04 
       6.541376123090e-03       5.508041750571e+04 
       6.631704746319e-03       5.447534827254e+04 
       6.722097059780e-03       5.386970948560e+04 
       6.812551119549e-03       5.326371302272e+04 
       6.903065088547e-03       5.265740377723e+04 
       6.993637230514e-03       5.205096417143e+04 
       7.084265904405e-03       5.144459245786e+04 
       7.174949559162e-03       5.083842500018e+04 
       7.265686728848e-03       5.023252699880e+04 
       7.356476028110e-03       4.962713964206e+04 
       7.447316147942e-03       4.902239166645e+04 
       7.538205851739e-03       4.841837232612e+04 
       7.629143971605e-03       4.781535415780e+04 
       7.720129404910e-03       4.721331212265e+04 
       7.811161111069e-03       4.661244704592e+04 
       7.902238108534e-03       4.601296795230e+04 
       7.993359471979e-03       4.541493854615e+04 
       8.084524329668e-03       4.481853897806e+04 
       8.175731860991e-03       4.422380105734e+04 
       8.266981294156e-03       4.363093823209e+04 
       8.358271904035e-03       4.303998528809e+04 
       8.449603010137e-03       4.245106829315e+04 
       8.540973974717e-03       4.186427798051e+04 
       8.632384200999e-03       4.127976675242e+04 
       8.723833131519e-03       4.069750564252e+04 
       8.815320246560e-03       4.011766887982e+04 
       8.906845062697e-03       3.954026518180e+04 
       8.998407131428e-03       3.896533435848e+04 
       9.090006037892e-03       3.839303209419e+04 
       9.181641399667e-03       3.782338759031e+04 
       9.273312865648e-03       3.725640744220e+04 
       9.365020114991e-03       3.669224423032e+04 
       9.456762856127e-03       3.613090113634e+04 
       9.548540825838e-03       3.557247861178e+04 
       9.640353788396e-03       3.501695729218e+04 
       9.732201534755e-03       3.446450301977e+04 
       9.824083881794e-03       3.391515521241e+04 
       9.916000671614e-03       3.336895965867e+04 
       1.000795177089e-02       3.282597998613e+04 
       1.009993707023e-02       3.228624335508e+04 
       1.019195648366e-02       3.174992954720e+04 
       1.028400994802e-02       3.121699669283e+04 
       1.037609742256e-02       3.068754852534e+04 
       1.046821888841e-02       3.016162792521e+04 
       1.056037434819e-02       2.963927850301e+04 
       1.065256382565e-02       2.912059732842e+04 
       1.074478736525e-02       2.860565290685e+04 
       1.083704503191e-02       2.809441953074e+04 
       1.092933691064e-02       2.758705189683e+04 
       1.102166310635e-02       2.708350184674e+04 
       1.111402374351e-02       2.658389027679e+04 
       1.120641896603e-02       2.608824003775e+04 
       1.129884893701e-02       2.559655624534e+04 
       1.139131383856e-02       2.510892443377e+04 
       1.148381387169e-02       2.462539381123e+04 
       1.157634925617e-02       2.414598357081e+04 
       1.166892023042e-02       2.367078148995e+04 
       1.176152705141e-02       2.319977213512e+04 
       1.185416999463e-02       2.273302047102e+04 
       1.194684935400e-02       2.227058424619e+04 
       1.203956544190e-02       2.181248569668e+04 
       1.213231858908e-02       2.135876245845e+04 
       1.222510914474e-02       2.090946803128e+04 
       1.231793747653e-02       2.046463804297e+04 
       1.241080397057e-02       2.002432583777e+04 
       1.250370903155e-02       1.958851878988e+04 
       1.259665308274e-02       1.915731488538e+04 
       1.268963656617e-02       1.873071108274e+04 
       1.278265994263e-02       1.830874396570e+04 
       1.287572369189e-02       1.789144128588e+04 
       1.296882831278e-02       1.747885012552e+04 
       1.306197432333e-02       1.707100065586e+04 
       1.315516226100e-02       1.666789340495e+04 
       1.324839268277e-02       1.626957290140e+04 
       1.334166616545e-02       1.587606243818e+04 
       1.343498330577e-02       1.548738485002e+04 
       1.352834472069e-02       1.510357409867e+04 
       1.362175104762e-02       1.472463772057e+04 
       1.371520294465e-02       1.435060131378e+04 
       1.380870109086e-02       1.398149449886e+04 
       1.390224618658e-02       1.361732316594e+04 
       1.399583895369e-02       1.325812151686e+04 
       1.408948013594e-02       1.290388586700e+04 
       1.418317049928e-02       1.255465581420e+04 
       1.427691083222e-02       1.221043359582e+04 
       1.437070194617e-02       1.187123492292e+04 
       1.446454467583e-02       1.153707631963e+04 
       1.455843987958e-02       1.120797269803e+04 
       1.465238843988e-02       1.088390963023e+04 
       1.474639126373e-02       1.056492049522e+04 
       1.484044928308e-02       1.025100607804e+04 
       1.493456345528e-02       9.942174042082e+03 
       1.502873476361e-02       9.638427093157e+03 
       1.512296421773e-02       9.339764373765e+03 
       1.521725285420e-02       9.046192371063e+03 
       1.531160173704e-02       8.757709560716e+03 
       1.540601195824e-02       8.474315980292e+03 
       1.550048463837e-02       8.196020638964e+03 
       1.559502092714e-02       7.922803863882e+03 
       1.568962200404e-02       7.654679526618e+03 
       1.578428907895e-02       7.391631541806e+03 
       1.587902339280e-02       7.133652942726e+03 
       1.597382621825e-02       6.880741743758e+03 
       1.606869886038e-02       6.632891928314e+03 
       1.616364265742e-02       6.390088772611e+03 
       1.625865898150e-02       6.152320026755e+03 
       1.635374923941e-02       5.919579902558e+03 
       1.644891487340e-02       5.691851398888e+03 
       1.654415736201e-02       5.469107838677e+03 
       1.663947822091e-02       5.251352643020e+03 
       1.673487900378e-02       5.038555704925e+03 
       1.683036130322e-02       4.830705941856e+03 
       1.692592675168e-02       4.627772878844e+03 
       1.702157702245e-02       4.429750475604e+03 
       1.711731383061e-02       4.236594842844e+03 
       1.721313893411e-02       4.048304329080e+03 
       1.730905413484e-02       3.864847358716e+03 
       1.740506127966e-02       3.686192662900e+03 
       1.750116226164e-02       3.512317870466e+03 
       1.759735902116e-02       3.343201679814e+03 
       1.769365354713e-02       3.178803483719e+03 
       1.779004787829e-02       3.019099189160e+03 
       1.788654410448e-02       2.864057724511e+03 
       1.798314436797e-02       2.713645217768e+03 
       1.807985086486e-02       2.567828336712e+03 
       1.817666584651e-02       2.426572475160e+03 
       1.827359162102e-02       2.289842966757e+03 
       1.837063055477e-02       2.157600962078e+03 
       1.846778507401e-02       2.029810172249e+03 
       1.856505766646e-02       1.906431935315e+03 
       1.866245088305e-02       1.787426447715e+03 
       1.875996733968e-02       1.672752201410e+03 
       1.885760971898e-02       1.562366372885e+03 
       1.895538077226e-02       1.456228017782e+03 
       1.905328332142e-02       1.354295124993e+03 
       1.915132026096e-02       1.256519372398e+03 
       1.924949456010e-02       1.162857743423e+03 
       1.934780926491e-02       1.073264219004e+03 
       1.944626750059e-02       9.876893326191e+02 
       1.954487247376e-02       9.060862846221e+02 
       1.964362747489e-02       8.284078605343e+02 
       1.974253588080e-02       7.546011510072e+02 
       1.984160115724e-02       6.846151771269e+02 
       1.994082686158e-02       6.184032142459e+02 
       2.004021664564e-02       5.559087679745e+02 
       2.013977425851e-02       4.970793241859e+02 
       2.023950354965e-02       4.418611264022e+02 
       2.033940847193e-02       3.902006843879e+02 
       2.043949308493e-02       3.420423611092e+02 
       2.053976155830e-02       2.973291987980e+02 
       2.064021817525e-02       2.560063072148e+02 
       2.074086733620e-02       2.180158695931e+02 
       2.084171356259e-02       1.832998137138e+02 
       2.094276150079e-02       1.517996978918e+02 
       2.104401592625e-02       1.234563347854e+02 
       2.114548174771e-02       9.821107500849e+01 
       2.124716401169e-02       7.600115033848e+01 
       2.134906790712e-02       5.676841177379e+01 
       2.145119877015e-02       4.044953675333e+01 
       2.155356208921e-02       2.698368360740e+01 
       2.165616351021e-02       1.630801450940e+01 
       2.175900884207e-02       8.359798454756e+00 
       2.186210406237e-02       3.075551012422e+00 
       2.196545532337e-02       3.913455449203e-01 
       2.206906895817e-02       2.430378998430e-01 
       2.217295148727e-02       2.566057652358e+00 
       2.227710962532e-02       7.295006221071e+00 
       2.238155028824e-02       1.436403892939e+01 
       2.248628060064e-02       2.370869090847e+01 
       2.259130790358e-02       3.526133856253e+01 
       2.269663976273e-02       4.895497662678e+01 
       2.280228397684e-02       6.472324607875e+01 
       2.290824858669e-02       8.249979796981e+01 
       2.301454188442e-02       1.022149564062e+02 
       2.312117242332e-02       1.238025184338e+02 
       2.322814902815e-02       1.471950831684e+02 
       2.333548080584e-02       1.723225588687e+02 
       2.344317715689e-02       1.991137916372e+02 
       2.355124778723e-02       2.275057012509e+02 
       2.365970272070e-02       2.574233756620e+02 
       2.376855231219e-02       2.887976466704e+02 
       2.387780726148e-02       3.215667777330e+02 
       2.398747862776e-02       3.556484939236e+02 
       2.409757784495e-02       3.909843921243e+02 
       2.420811673782e-02       4.274953052639e+02 
       2.431910753901e-02       4.651118042826e+02 
       2.443056290696e-02       5.037658642044e+02 
       2.454249594481e-02       5.433857307377e+02 
       2.465492022040e-02       5.839017682418e+02 
       2.476784978740e-02       6.252436213674e+02 
       2.488129920759e-02       6.673302548957e+02 
       2.499528357449e-02       7.101009803034e+02 
       2.510981853831e-02       7.534754497795e+02 
       2.522492033246e-02       7.973881168712e+02 
       2.534060580156e-02       8.417650950363e+02 
       2.545689243118e-02       8.865302501199e+02 
       2.557379837942e-02       9.316142564285e+02 
       2.569134251041e-02       9.769387235292e+02 
       2.580954442993e-02       1.022438647076e+03 
       2.592842452329e-02       1.068030629051e+03 
       2.604800399563e-02       1.113653136574e+03 
       2.616830491490e-02       1.159225256659e+03 
       2.628935025759e-02       1.204667277213e+03 
       2.641116395755e-02       1.249914137808e+03 
       2.653377095815e-02       1.294887237536e+03 
       2.665719726796e-02       1.339517190476e+03 
       2.678147002031e-02       1.383722125576e+03 
       2.690661753709e-02       1.427420675973e+03 
       2.703266939702e-02       1.470546930010e+03 
       2.715965650892e-02       1.513025303599e+03 
       2.728761119036e-02       1.554771425952e+03 
       2.741656725212e-02       1.595712766910e+03 
       2.754656008908e-02       1.635770248434e+03 
       2.767762677799e-02       1.674868850512e+03 
       2.780980618295e-02       1.712926410068e+03 
       2.794313906916e-02       1.749865076351e+03 
       2.807766822570e-02       1.785602597828e+03 
       2.821343859849e-02       1.820063725213e+03 
       2.835049743404e-02       1.853159492698e+03 
       2.848889443538e-02       1.884818997482e+03 
       2.862868193129e-02       1.914958979545e+03 
       2.876991506012e-02       1.943486679397e+03 
       2.891265196993e-02       1.970329062858e+03 
       2.905695403643e-02       1.995392424854e+03 
       2.920288610092e-02       2.018602236047e+03 
       2.935051673023e-02       2.039864730862e+03 
       2.949991850119e-02       2.059096051428e+03 
       2.965116831247e-02       2.076208792019e+03 
       2.980434772691e-02       2.091118446420e+03 
       2.995954334797e-02       2.103723285303e+03 
       3.011684723441e-02       2.113942808661e+03 
       3.027635735790e-02       2.121690700806e+03 
       3.043817810888e-02       2.126865131190e+03 
       3.060242085689e-02       2.129376234209e+03 
       3.076920457241e-02       2.129135750476e+03 
       3.093865651835e-02       2.126040786489e+03 
       3.111091302069e-02       2.120002011689e+03 
       3.128612032907e-02       2.110931661383e+03 
       3.146443558022e-02       2.098718310214e+03 
       3.164602787884e-02       2.083278541684e+03 
       3.183107951334e-02       2.064516004558e+03 
       3.201978732676e-02       2.042333366531e+03 
       3.221236426671e-02       2.016638158235e+03 
       3.240904114249e-02       1.987344119875e+03 
       3.261006862292e-02       1.954353509159e+03 
       3.281571951447e-02       1.917587772720e+03 
       3.302629136713e-02       1.876961691342e+03 
       3.324210946479e-02       1.832402999741e+03 
       3.346353026830e-02       1.783841960548e+03 
       3.369094539372e-02       1.731224889153e+03 
       3.392478622545e-02       1.674493323135e+03 
       3.416552928601e-02       1.613624461452e+03 
       3.441370251086e-02       1.548604455136e+03 
       3.466989261095e-02       1.479447252906e+03 
       3.493475374776e-02       1.406178547671e+03 
       3.520901779974e-02       1.328881080138e+03 
       3.549350656663e-02       1.247677227556e+03 
       3.578914634448e-02       1.162733492134e+03 
       3.609698541425e-02       1.074290915220e+03 
       3.641821512645e-02       9.826815210414e+02 
       3.675419544302e-02       8.883301035145e+02 
       3.710648602423e-02       7.917988267143e+02 
       3.747688423516e-02       6.938042037284e+02 
       3.786747180491e-02       5.952651765025e+02 
       3.828067231111e-02       4.973368046428e+02 
       3.871932218229e-02       4.014731032955e+02 
       3.918675848626e-02       3.094907488715e+02 
       3.968692732468e-02       2.236338364983e+02 
       4.022451698672e-02       1.466512973250e+02 
       4.080511970486e-02       8.185757192162e+01 
       4.143542403284e-02       3.316442586547e+01 
       4.212343484327e-02       5.027142761849e+00 
       4.287870662819e-02       2.229639567337e+00 
       4.371255296017e-02       2.936446724482e+01 
       4.463815304161e-02       8.980859126023e+01 
       4.567040768710e-02       1.839527491119e+02 
       4.682530489535e-02       3.065589017170e+02 
       4.811848056484e-02       4.436244371655e+02 
       4.956272589007e-02       5.703062995003e+02 
       5.116460635677e-02       6.530904074125e+02 
       5.292120667043e-02       6.595637353820e+02 
       5.481880643099e-02       5.749499018419e+02 
       5.683489164531e-02       4.163067523866e+02 
       5.894293214072e-02       2.316008966791e+02 
       6.111751177302e-02       8.009455548671e+01 
       6.333762180821e-02       5.221125234310e+00 
       6.558763276964e-02       1.644032631660e+01 
       6.785673277769e-02       8.889931778520e+01 
       7.013779591964e-02       1.783505940122e+02 
       7.242626998843e-02       2.418616664586e+02 
       7.471930356067e-02       2.543931777412e+02 
       7.701513214350e-02       2.153032325499e+02 
       7.931267187228e-02       1.441948119210e+02 
       8.161125984934e-02       6.979623378094e+01 
       8.391049160496e-02       1.742306155179e+01 
       8.621012060724e-02       3.805188310571e-03 
       8.850999659463e-02       1.537255776641e+01 
       9.081002790156e-02       4.970316162883e+01 
       9.311015850332e-02       8.470015230969e+01 
       9.541035405137e-02       1.051807139400e+02 
       9.771059338521e-02       1.041379117222e+02 
       1.000108633752e-01       8.386064723915e+01 
       1.023111557896e-01       5.342569202547e+01 
       1.046114653904e-01       2.415751574272e+01 
       1.069117887762e-01       5.101543566681e+00 
       1.092121236780e-01       1.425317994981e-01 
       1.115124685299e-01       7.507536154840e+00 
       1.138128222074e-01       2.139655834850e+01 
       1.161131838673e-01       3.477219676834e+01 
       1.184135528491e-01       4.209699437132e+01 
       1.207139286142e-01       4.104465916120e+01 
       1.230143107077e-01       3.275160574236e+01 
       1.253146987351e-01       2.068446310516e+01 
       1.276150923464e-01       9.216892626755e+00 
       1.299154912265e-01       1.911529140521e+00 
       1.322158950883e-01       5.931059665103e-02 
       1.345163036684e-01       2.870308770800e+00 
       1.368167167230e-01       8.136952139905e+00 
       1.391171340263e-01       1.324979561832e+01 
       1.414175553679e-01       1.615552068861e+01 
       1.437179805517e-01       1.594995298222e+01 
       1.460184093940e-01       1.297725041456e+01 
       1.483188417231e-01       8.492761813923e+00 
       1.506192773779e-01       4.076446625325e+00 
       1.529197162070e-01       1.035598101535e+00 
       1.552201580681e-01       1.466442511251e-04 
       1.575206028276e-01       8.170008842844e-01 
       1.598210503592e-01       2.732487959548e+00 
       1.621215005441e-01       4.753765107798e+00 
       1.644219532703e-01       6.034400195538e+00 
       1.667224084318e-01       6.143830098431e+00 
       1.690228659284e-01       5.145323667544e+00 
       1.713233256655e-01       3.485650337362e+00 
       1.736237875535e-01       1.769875205270e+00 
       1.759242515073e-01       5.206707557313e-01 
       1.782247174467e-01       1.087900654227e-02 
       1.805251852950e-01       2.147299556029e-01 
       1.828256549799e-01       8.722906127331e-01 
       1.851261264324e-01       1.622539900435e+00 
       1.874265995871e-01       2.145475473466e+00 
       1.897270743816e-01       2.262692137952e+00 
       1.920275507568e-01       1.970251002251e+00 
       1.943280286560e-01       1.406504725760e+00 
       1.966285080256e-01       7.784027000898e-01 
       1.989289888142e-01       2.791265248730e-01 
       2.012294709729e-01       2.586936271625e-02 
       2.035299544549e-01       3.451991084452e-02 
       2.058304392157e-01       2.326391550230e-01 
       2.081309252126e-01       4.994754446538e-01 
       2.104314124049e-01       7.149392593786e-01 
       2.127319007535e-01       7.996775495882e-01 
       2.150323902212e-01       7.344019137834e-01 
       2.173328807722e-01       5.555111130788e-01 
       2.196333723723e-01       3.325358534827e-01 
       2.219338649887e-01       1.383513650425e-01 
       2.242343585900e-01       2.356409623160e-02 
       2.265348531461e-01       3.286818872841e-03 
       2.288353486279e-01       5.859656007873e-02 
       2.311358450078e-01       1.494274293709e-01 
       2.334363422590e-01       2.322294775721e-01 
       2.357368403558e-01       2.753127157134e-01 
       2.380373392738e-01       2.670442995586e-01 
       2.403378389891e-01       2.155777173295e-01 
       2.426383394790e-01       1.420133816207e-01 
       2.449388407216e-01       7.070801015031e-02 
       2.472393426957e-01       2.066027104114e-02 
       2.495398453811e-01       4.877375997402e-04 
       2.518403487581e-01       7.869725105590e-03 
       2.541408528079e-01       3.255962126299e-02 
       2.564413575122e-01       6.121885918142e-02 
       2.587418628537e-01       8.215880036070e-02 
       2.610423688153e-01       8.857893890449e-02 
       2.633428753807e-01       7.966561174883e-02 
       2.656433825341e-01       5.968147357149e-02 
       2.679438902605e-01       3.571112246262e-02 
       2.702443985450e-01       1.498162366109e-02 
       2.725449073734e-01       2.608275062329e-03 
       2.748454167321e-01       3.484864488840e-04 
       2.771459266078e-01       6.576532841914e-03 
       2.794464369877e-01       1.729904886584e-02 
       2.817469478594e-01       2.775901657313e-02 
       2.840474592108e-01       3.405386394026e-02 
       2.863479710304e-01       3.425827743310e-02 
       2.886484833069e-01       2.875665051202e-02 
       2.909489960295e-01       1.978004754632e-02 
       2.932495091876e-01       1.039051898078e-02 
       2.955500227710e-01       3.332771371388e-03 
       2.978505367698e-01       1.562825497349e-04 
       3.001510511744e-01       8.723232391883e-04 
       3.024515659755e-01       4.197897162579e-03 
       3.047520811642e-01       8.210744713877e-03 
       3.070525967316e-01       1.112475377173e-02 
       3.093531126693e-01       1.188751624497e-02 
       3.116536289691e-01       1.041519928965e-02 
       3.139541456230e-01       7.440695379029e-03 
       3.162546626231e-01       4.099660368176e-03 
       3.185551799620e-01       1.452849660729e-03 
       3.208556976325e-01       1.282154227263e-04 
       3.231562156272e-01       1.900207907337e-04 
       3.254567339395e-01       1.232768168512e-03 
       3.277572525625e-01       2.618821945301e-03 
       3.300577714897e-01       3.741869590035e-03 
       3.323582907149e-01       4.219625555374e-03 
       3.346588102318e-01       3.966172068405e-03 
       3.369593300344e-01       3.148084549166e-03 
       3.392598501169e-01       2.072689177540e-03 
       3.415603704736e-01       1.060346555556e-03 
       3.438608910991e-01       3.442343578565e-04 
       3.461614119879e-01       2.246956234102e-05 
       3.484619331348e-01       6.091174334991e-05 
       3.507624545347e-01       3.324841989125e-04 
       3.530629761826e-01       6.734226863610e-04 
       3.553634980738e-01       9.369917991170e-04 
       3.576640202034e-01       1.032711661821e-03 
       3.599645425670e-01       9.409734261580e-04 
       3.622650651600e-01       7.075965626534e-04 
       3.645655879781e-01       4.183216033196e-04 
       3.668661110170e-01       1.664738420069e-04 
       3.691666342727e-01       2.206286004122e-05 
       3.714671577410e-01       1.160927604494e-05 
       3.737676814180e-01       1.146975947776e-04 
       3.760682052999e-01       2.765058042036e-04 
       3.783687293830e-01       4.305408070107e-04 
       3.949680750922e-01       9.940184218963e-06 
       4.132648929182e-01       2.454740952306e-05 
       4.337302577526e-01       6.722595816975e-05 
       4.570661171248e-01       1.169555881705e-06 
       4.843748854761e-01       1.335603644146e-05 
       5.175039981841e-01       3.345141630562e-06 
       5.598037190264e-01       2.730468897732e-06 
       6.179077704794e-01       3.332125370586e-06 
       7.057308124176e-01       2.867999709022e-06 
       8.481327125220e-01       2.383706925695e-06 
       1.059836136213e+00       1.850428892069e-06 
       1.333934003701e+00       1.425859665168e-06 
       1.679320662911e+00       1.120123334143e-06 
       2.114139453111e+00       8.766666438965e-07 
       2.661543881597e+00       6.864033565009e-07 
       3.350685227148e+00       5.406380955982e-07 
       4.218262779380e+00       4.235658742054e-07 
       5.310478206587e+00       3.344426933290e-07 
       6.685495963052e+00       2.619169928362e-07 
       8.416540758333e+00       2.069722808734e-07 
       1.059579704007e+01       1.625650176543e-07 
       1.333931815195e+01       1.268611571226e-07 
       1.679320659750e+01       9.909573560124e-08 
       2.114139453110e+01       7.664454280640e-08 
       2.661543881597e+01       5.947112176019e-08 
       3.350685227148e+01       4.518420126819e-08 
       4.218262779380e+01       3.379456439808e-08 
       5.310478206587e+01       2.458195069091e-08 
       6.685495963052e+01       1.692165186080e-08 
       8.416540758333e+01       1.085729431509e-08 
       1.059579704007e+02       6.094202630197e-09 
