# Matter power spectrum P(k) at redshift z=0
# for k=1.00946e-05 to 130.37 h/Mpc,
# number of wavenumbers equal to 714
#    1:k (h/Mpc)              2:P (Mpc/h)^3        
       1.009464849392e-05       6.412444395352e+01 
       2.254595584416e-05       1.405476357808e+02 
       3.503816723294e-05       2.148673175142e+02 
       4.760268435468e-05       2.884579298743e+02 
       6.027139435890e-05       3.619312020902e+02 
       7.307693559436e-05       4.355002491478e+02 
       8.605297131448e-05       5.095700946875e+02 
       9.923447476341e-05       5.843643428992e+02 
       1.126580290891e-04       6.600587569707e+02 
       1.263621455605e-04       7.369457844583e+02 
       1.403876035795e-04       8.152880423777e+02 
       1.547778159539e-04       8.953147669697e+02 
       1.695792227905e-04       9.773037715832e+02 
       1.848417171445e-04       1.061513192040e+03 
       2.006191051407e-04       1.148235964637e+03 
       2.169696025972e-04       1.237774252734e+03 
       2.339563691054e-04       1.330468475104e+03 
       2.516480789239e-04       1.426661395809e+03 
       2.701195257346e-04       1.526745215629e+03 
       2.894522550830e-04       1.631114777580e+03 
       3.097352139111e-04       1.740226149271e+03 
       3.310654007132e-04       1.854550625170e+03 
       3.535484922061e-04       1.974610342013e+03 
       3.772994127619e-04       2.100957097375e+03 
       4.024428010618e-04       2.234187948898e+03 
       4.291133146229e-04       2.374936383244e+03 
       4.574556975369e-04       2.523877389781e+03 
       4.876245211381e-04       2.681718589661e+03 
       5.197834934539e-04       2.849196288900e+03 
       5.541042244227e-04       3.027065909231e+03 
       5.907643344400e-04       3.216090397100e+03 
       6.299448092965e-04       3.417022089072e+03 
       6.718265407378e-04       3.630584001784e+03 
       7.165860532352e-04       3.857444149854e+03 
       7.643905052204e-04       4.098190056551e+03 
       8.153921621100e-04       4.353300023823e+03 
       8.697226559257e-04       4.623112145615e+03 
       9.274874509320e-04       4.907802474271e+03 
       9.887609998824e-04       5.207360404058e+03 
       1.053583075995e-03       5.521577025234e+03 
       1.121956686855e-03       5.850040416514e+03 
       1.193847821462e-03       6.192146259417e+03 
       1.269187075031e-03       6.547107516564e+03 
       1.347872978076e-03       6.913950733914e+03 
       1.429776671316e-03       7.291631944124e+03 
       1.514747450523e-03       7.679017332567e+03 
       1.602618671174e-03       8.074907958544e+03 
       1.693213545248e-03       8.478087458633e+03 
       1.786350459668e-03       8.887347181067e+03 
       1.881847568904e-03       9.301515306241e+03 
       1.979526536666e-03       9.719468705894e+03 
       2.079215405112e-03       1.014015402789e+04 
       2.180750645487e-03       1.056259360634e+04 
       2.283978490652e-03       1.098588307089e+04 
       2.388755671666e-03       1.140920645364e+04 
       2.494949683712e-03       1.183182437288e+04 
       2.602438697858e-03       1.225306974104e+04 
       2.711111219785e-03       1.267235106676e+04 
       2.820865578879e-03       1.308914203761e+04 
       2.931609313536e-03       1.350297951120e+04 
       3.043258502730e-03       1.391346660426e+04 
       3.155737080483e-03       1.432023871323e+04 
       3.268976158968e-03       1.472298293642e+04 
       3.382913377512e-03       1.512144328726e+04 
       3.497492288292e-03       1.551537842086e+04 
       3.612661784761e-03       1.590459315739e+04 
       3.728375575478e-03       1.628891641920e+04 
       3.844591703630e-03       1.666820235627e+04 
       3.961272110993e-03       1.704233781548e+04 
       4.078382244082e-03       1.741121294081e+04 
       4.195890699678e-03       1.777475578838e+04 
       4.313768906639e-03       1.813288783669e+04 
       4.431990840826e-03       1.848556983537e+04 
       4.550532770055e-03       1.883275700717e+04 
       4.669373026086e-03       1.917441729210e+04 
       4.788491800896e-03       1.951052434452e+04 
       4.907870964669e-03       1.984110967308e+04 
       5.027493903171e-03       2.016614955834e+04 
       5.147345372394e-03       2.048565515310e+04 
       5.267411368582e-03       2.079963964266e+04 
       5.387679011919e-03       2.110811777793e+04 
       5.508136442378e-03       2.141111840208e+04 
       5.628772726370e-03       2.170867127720e+04 
       5.749577773000e-03       2.200078792965e+04 
       5.870542258865e-03       2.228751865108e+04 
       5.991657560450e-03       2.256889753049e+04 
       6.112915693289e-03       2.284496578952e+04 
       6.234309257161e-03       2.311575668961e+04 
       6.355831386653e-03       2.338131453673e+04 
       6.477475706524e-03       2.364167552447e+04 
       6.599236291355e-03       2.389689864737e+04 
       6.721107629027e-03       2.414704070741e+04 
       6.843084587634e-03       2.439210971465e+04 
       6.965162385466e-03       2.463220114065e+04 
       7.087336563750e-03       2.486733665677e+04 
       7.209602961865e-03       2.509755702422e+04 
       7.331957694789e-03       2.532293151822e+04 
       7.454397132541e-03       2.554357113950e+04 
       7.576917881437e-03       2.575940362061e+04 
       7.699516766966e-03       2.597052924871e+04 
       7.822190818144e-03       2.617700886181e+04 
       7.944937253195e-03       2.637888210996e+04 
       8.067753466432e-03       2.657621131257e+04 
       8.190637016235e-03       2.676904301006e+04 
       8.313585614016e-03       2.695742051726e+04 
       8.436597114079e-03       2.714139251380e+04 
       8.559669504301e-03       2.732100828768e+04 
       8.682800897556e-03       2.749631501592e+04 
       8.805989523813e-03       2.766736977173e+04 
       8.929233722859e-03       2.783421766699e+04 
       9.052531937575e-03       2.799689353410e+04 
       9.175882707736e-03       2.815546878335e+04 
       9.299284664283e-03       2.830998080544e+04 
       9.422736524020e-03       2.846047518185e+04 
       9.546237084713e-03       2.860700734774e+04 
       9.669785220550e-03       2.874961132247e+04 
       9.793379877934e-03       2.888833428758e+04 
       9.917020071586e-03       2.902322434215e+04 
       1.004070488092e-02       2.915432330599e+04 
       1.016443344671e-02       2.928167211127e+04 
       1.028820496794e-02       2.940531780642e+04 
       1.041201869892e-02       2.952530469526e+04 
       1.053587394662e-02       2.964168817444e+04 
       1.065977006814e-02       2.975450213841e+04 
       1.078370646837e-02       2.986378962908e+04 
       1.090768259788e-02       2.996959814795e+04 
       1.103169795086e-02       3.007196269369e+04 
       1.115575206324e-02       3.017093136702e+04 
       1.127984451099e-02       3.026653220296e+04 
       1.140397490846e-02       3.035881433244e+04 
       1.152814290686e-02       3.044781210052e+04 
       1.165234819288e-02       3.053357258809e+04 
       1.177659048739e-02       3.061613186066e+04 
       1.190086954417e-02       3.069553154440e+04 
       1.202518514882e-02       3.077180597726e+04 
       1.214953711769e-02       3.084499992330e+04 
       1.227392529690e-02       3.091514232475e+04 
       1.239834956144e-02       3.098227934810e+04 
       1.252280981431e-02       3.104644240439e+04 
       1.264730598575e-02       3.110758396656e+04 
       1.277183803251e-02       3.116591189160e+04 
       1.289640593717e-02       3.122137159967e+04 
       1.302100970753e-02       3.127391839685e+04 
       1.314564937606e-02       3.132374817684e+04 
       1.327032499934e-02       3.137083393462e+04 
       1.339503665758e-02       3.141519686092e+04 
       1.351978445419e-02       3.145689558496e+04 
       1.364456851541e-02       3.149597280126e+04 
       1.376938898987e-02       3.153230223720e+04 
       1.389424604833e-02       3.156600089340e+04 
       1.401913988334e-02       3.159728397081e+04 
       1.414407070898e-02       3.162611056993e+04 
       1.426903876066e-02       3.165243849292e+04 
       1.439404429485e-02       3.167621923823e+04 
       1.451908758897e-02       3.169765170558e+04 
       1.464416894118e-02       3.171673217947e+04 
       1.476928867029e-02       3.173342322800e+04 
       1.489444711564e-02       3.174763372124e+04 
       1.501964463704e-02       3.175971267679e+04 
       1.514488161469e-02       3.176955726162e+04 
       1.527015844916e-02       3.177712986510e+04 
       1.539547556136e-02       3.178247384693e+04 
       1.552083339260e-02       3.178559287181e+04 
       1.564623240455e-02       3.178664082915e+04 
       1.577167307934e-02       3.178560376634e+04 
       1.589715591960e-02       3.178241781363e+04 
       1.602268144854e-02       3.177722525739e+04 
       1.614825021010e-02       3.176997305449e+04 
       1.627386276901e-02       3.176067864049e+04 
       1.639951971098e-02       3.174948966999e+04 
       1.652522164284e-02       3.173652058429e+04 
       1.665096919269e-02       3.172147177041e+04 
       1.677676301015e-02       3.170436925813e+04 
       1.690260376649e-02       3.168574792573e+04 
       1.702849215493e-02       3.166518958467e+04 
       1.715442889084e-02       3.164281601657e+04 
       1.728041471200e-02       3.161867591413e+04 
       1.740645037890e-02       3.159275745868e+04 
       1.753253667499e-02       3.156501540022e+04 
       1.765867440702e-02       3.153580308465e+04 
       1.778486440536e-02       3.150474421656e+04 
       1.791110752433e-02       3.147225828165e+04 
       1.803740464255e-02       3.143801294759e+04 
       1.816375666334e-02       3.140218130820e+04 
       1.829016451508e-02       3.136476501070e+04 
       1.841662915165e-02       3.132579197096e+04 
       1.854315155281e-02       3.128536911250e+04 
       1.866973272471e-02       3.124357982480e+04 
       1.879637370027e-02       3.120018951709e+04 
       1.892307553971e-02       3.115524777033e+04 
       1.904983933102e-02       3.110912084610e+04 
       1.917666619051e-02       3.106142688996e+04 
       1.930355726329e-02       3.101244655959e+04 
       1.943051372387e-02       3.096225131727e+04 
       1.955753677670e-02       3.091059763725e+04 
       1.968462765677e-02       3.085764266156e+04 
       1.981178763021e-02       3.080333617157e+04 
       1.993901799497e-02       3.074787868041e+04 
       2.006632008140e-02       3.069119377088e+04 
       2.019369525299e-02       3.063338412432e+04 
       2.032114490701e-02       3.057423327507e+04 
       2.044867047529e-02       3.051411467351e+04 
       2.057627342491e-02       3.045271374393e+04 
       2.070395525899e-02       3.039026971111e+04 
       2.083171751748e-02       3.032666864406e+04 
       2.095956177799e-02       3.026192247494e+04 
       2.108748965660e-02       3.019621301873e+04 
       2.121550280877e-02       3.012947621203e+04 
       2.134360293018e-02       3.006173516896e+04 
       2.147179175773e-02       2.999309737576e+04 
       2.160007107043e-02       2.992331090410e+04 
       2.172844269041e-02       2.985274922209e+04 
       2.185690848394e-02       2.978115094607e+04 
       2.198547036247e-02       2.970855867236e+04 
       2.211413028370e-02       2.963516957062e+04 
       2.224289025271e-02       2.956090699718e+04 
       2.237175232311e-02       2.948578987247e+04 
       2.250071859821e-02       2.940997155483e+04 
       2.262979123224e-02       2.933320832720e+04 
       2.275897243165e-02       2.925567511167e+04 
       2.288826445635e-02       2.917733419685e+04 
       2.301766962110e-02       2.909823763474e+04 
       2.314719029689e-02       2.901833932700e+04 
       2.327682891234e-02       2.893777892577e+04 
       2.340658795522e-02       2.885655972475e+04 
       2.353646997393e-02       2.877466512920e+04 
       2.366647757910e-02       2.869207305246e+04 
       2.379661344521e-02       2.860883826115e+04 
       2.392688031224e-02       2.852492923152e+04 
       2.405728098747e-02       2.844033659910e+04 
       2.418781834717e-02       2.835521957327e+04 
       2.431849533854e-02       2.826949933917e+04 
       2.444931498157e-02       2.818330001272e+04 
       2.458028037101e-02       2.809641003483e+04 
       2.471139467843e-02       2.800915260486e+04 
       2.484266115434e-02       2.792126610495e+04 
       2.497408313032e-02       2.783286144765e+04 
       2.510566402132e-02       2.774390172877e+04 
       2.523740732798e-02       2.765453922524e+04 
       2.536931663903e-02       2.756470361995e+04 
       2.550139563382e-02       2.747443464843e+04 
       2.563364808484e-02       2.738382738621e+04 
       2.576607786046e-02       2.729259181730e+04 
       2.589868892768e-02       2.720126189326e+04 
       2.603148535496e-02       2.710916989534e+04 
       2.616447131525e-02       2.701697715066e+04 
       2.629765108904e-02       2.692430857781e+04 
       2.643102906753e-02       2.683123412838e+04 
       2.656460975597e-02       2.673788002868e+04 
       2.669839777708e-02       2.664419316806e+04 
       2.683239787459e-02       2.655021053105e+04 
       2.696661491696e-02       2.645600295715e+04 
       2.710105390117e-02       2.636136334476e+04 
       2.723571995674e-02       2.626662384679e+04 
       2.737061834981e-02       2.617150990339e+04 
       2.750575448744e-02       2.607613514169e+04 
       2.764113392209e-02       2.598049118648e+04 
       2.777676235620e-02       2.588464900748e+04 
       2.791264564702e-02       2.578855707099e+04 
       2.804878981161e-02       2.569244030465e+04 
       2.818520103204e-02       2.559599269339e+04 
       2.832188566076e-02       2.549936999594e+04 
       2.845885022631e-02       2.540255842741e+04 
       2.859610143908e-02       2.530553479690e+04 
       2.873364619748e-02       2.520840778268e+04 
       2.887149159429e-02       2.511112574973e+04 
       2.900964492322e-02       2.501379977815e+04 
       2.914811368590e-02       2.491618029678e+04 
       2.928690559902e-02       2.481865373420e+04 
       2.942602860186e-02       2.472087489824e+04 
       2.956549086412e-02       2.462300632021e+04 
       2.970530079409e-02       2.452502715805e+04 
       2.984546704721e-02       2.442697188292e+04 
       2.998599853497e-02       2.432892124286e+04 
       3.012690443426e-02       2.423071678109e+04 
       3.026819419710e-02       2.413259630084e+04 
       3.040987756082e-02       2.403429431684e+04 
       3.055196455877e-02       2.393598074678e+04 
       3.069446553144e-02       2.383760288334e+04 
       3.083739113820e-02       2.373921733891e+04 
       3.098075236950e-02       2.364080464939e+04 
       3.112456055973e-02       2.354240223508e+04 
       3.126882740071e-02       2.344399479267e+04 
       3.141356495575e-02       2.334557226039e+04 
       3.155878567452e-02       2.324723180663e+04 
       3.170450240861e-02       2.314880512795e+04 
       3.185072842783e-02       2.305037669483e+04 
       3.199747743745e-02       2.295200590100e+04 
       3.214476359623e-02       2.285364517682e+04 
       3.229260153542e-02       2.275529785855e+04 
       3.244100637881e-02       2.265712376610e+04 
       3.258999376375e-02       2.255895068360e+04 
       3.273957986336e-02       2.246063264167e+04 
       3.288978140996e-02       2.236250845693e+04 
       3.304061571975e-02       2.226446895423e+04 
       3.319210071885e-02       2.216644080349e+04 
       3.334425497084e-02       2.206843791208e+04 
       3.349709770584e-02       2.197063910861e+04 
       3.365064885125e-02       2.187280895687e+04 
       3.380492906431e-02       2.177492268153e+04 
       3.395995976648e-02       2.167727857299e+04 
       3.411576317999e-02       2.157965980497e+04 
       3.427236236650e-02       2.148212453115e+04 
       3.442978126809e-02       2.138465758885e+04 
       3.458804475084e-02       2.128727554380e+04 
       3.474717865108e-02       2.118993154964e+04 
       3.490720982455e-02       2.109271854890e+04 
       3.506816619873e-02       2.099563989083e+04 
       3.523007682849e-02       2.089859283165e+04 
       3.539297195542e-02       2.080157760349e+04 
       3.555688307112e-02       2.070477095038e+04 
       3.572184298463e-02       2.060807026181e+04 
       3.588788589457e-02       2.051128013141e+04 
       3.605504746615e-02       2.041472615064e+04 
       3.622336491361e-02       2.031827958539e+04 
       3.639287708845e-02       2.022171905161e+04 
       3.656362457404e-02       2.012541991992e+04 
       3.673564978707e-02       2.002920004579e+04 
       3.690899708648e-02       1.993302342518e+04 
       3.708371289055e-02       1.983684995155e+04 
       3.725984580290e-02       1.974085324731e+04 
       3.743744674815e-02       1.964493372013e+04 
       3.761656911821e-02       1.954912606354e+04 
       3.779726893013e-02       1.945318377078e+04 
       3.797960499676e-02       1.935750122509e+04 
       3.816363911128e-02       1.926181319054e+04 
       3.834943624708e-02       1.916618607558e+04 
       3.853706477458e-02       1.907059849703e+04 
       3.872659669653e-02       1.897505474268e+04 
       3.891810790398e-02       1.887948273861e+04 
       3.911167845479e-02       1.878406293400e+04 
       3.930739287740e-02       1.868854778484e+04 
       3.950534050234e-02       1.859318238678e+04 
       3.970561582476e-02       1.849776639842e+04 
       3.990831890138e-02       1.840234176042e+04 
       4.011355578580e-02       1.830689902192e+04 
       4.032143900672e-02       1.821143985958e+04 
       4.053208809411e-02       1.811593279010e+04 
       4.074563015923e-02       1.802044373336e+04 
       4.096220053497e-02       1.792488004535e+04 
       4.118194348439e-02       1.782924548764e+04 
       4.140501298594e-02       1.773352219800e+04 
       4.163157360554e-02       1.763765908766e+04 
       4.186180146709e-02       1.754179106780e+04 
       4.209588533489e-02       1.744584449454e+04 
       4.233402782341e-02       1.734953666445e+04 
       4.257644675264e-02       1.725323401748e+04 
       4.282337667010e-02       1.715670408477e+04 
       4.307507056429e-02       1.705997293356e+04 
       4.333180179852e-02       1.696295983001e+04 
       4.359386629955e-02       1.686577708054e+04 
       4.386158504121e-02       1.676830811965e+04 
       4.413530687126e-02       1.667050115109e+04 
       4.441541173831e-02       1.657233402943e+04 
       4.470231438732e-02       1.647385300455e+04 
       4.499646860526e-02       1.637491509236e+04 
       4.529837211566e-02       1.627553751072e+04 
       4.560857224110e-02       1.617567180032e+04 
       4.592767247825e-02       1.607516735818e+04 
       4.625634016185e-02       1.597417518996e+04 
       4.659531543350e-02       1.587250666911e+04 
       4.694542178077e-02       1.577006979431e+04 
       4.730757847439e-02       1.566685028038e+04 
       4.768281531055e-02       1.556280044489e+04 
       4.807229016462e-02       1.545765785521e+04 
       4.847730999025e-02       1.535149318266e+04 
       4.889935605909e-02       1.524414897984e+04 
       4.934011444291e-02       1.513543111953e+04 
       4.980151300247e-02       1.502523139533e+04 
       5.028576648100e-02       1.491334241343e+04 
       5.079543172049e-02       1.479951554675e+04 
       5.133347554157e-02       1.468353991017e+04 
       5.190335846157e-02       1.456513715296e+04 
       5.250913816182e-02       1.444382870515e+04 
       5.315559739997e-02       1.431915470219e+04 
       5.384840174606e-02       1.419053475844e+04 
       5.459429275101e-02       1.405721248116e+04 
       5.540132118813e-02       1.391823083285e+04 
       5.627912134401e-02       1.377233091711e+04 
       5.723921812462e-02       1.361775714439e+04 
       5.829533888791e-02       1.345231994139e+04 
       5.946366316084e-02       1.327302002855e+04 
       6.076287477250e-02       1.307571090291e+04 
       6.221377477332e-02       1.285500972431e+04 
       6.383808653706e-02       1.260403638479e+04 
       6.565602496941e-02       1.231428286879e+04 
       6.768242463036e-02       1.197646606008e+04 
       6.992200317225e-02       1.158220824743e+04 
       7.236559228078e-02       1.112670596183e+04 
       7.498984568261e-02       1.061229802811e+04 
       7.776155275890e-02       1.004986436116e+04 
       8.064469471418e-02       9.458021424128e+03 
       8.360672489059e-02       8.860098663246e+03 
       8.662184939970e-02       8.279855109788e+03 
       8.967143568363e-02       7.738024111431e+03 
       9.274284782583e-02       7.249963566587e+03 
       9.582786511770e-02       6.824744689881e+03 
       9.892127945262e-02       6.465343787746e+03 
       1.020198457548e-01       6.169341487967e+03 
       1.051215627200e-01       5.930011614730e+03 
       1.082252037712e-01       5.737615495730e+03 
       1.113300199271e-01       5.580462086271e+03 
       1.144355547896e-01       5.446031097798e+03 
       1.175415305295e-01       5.322234498131e+03 
       1.206477780580e-01       5.198259719973e+03 
       1.237541944217e-01       5.065579171488e+03 
       1.268607168638e-01       4.918658947952e+03 
       1.299673070550e-01       4.755025626895e+03 
       1.330739415121e-01       4.575421870102e+03 
       1.361806057802e-01       4.383246706529e+03 
       1.392872908993e-01       4.183696452064e+03 
       1.423939912590e-01       3.983004827509e+03 
       1.455007032953e-01       3.787468483603e+03 
       1.486074246983e-01       3.602750216759e+03 
       1.517141539308e-01       3.433398264230e+03 
       1.548208899347e-01       3.282415500267e+03 
       1.579276319521e-01       3.151231407226e+03 
       1.610343794161e-01       3.039692999878e+03 
       1.641411318831e-01       2.946326624564e+03 
       1.672478889920e-01       2.868555200203e+03 
       1.703546504380e-01       2.803062331714e+03 
       1.734614159563e-01       2.746165257433e+03 
       1.765681853122e-01       2.694165514808e+03 
       1.796749582939e-01       2.644239693941e+03 
       1.827817347084e-01       2.592574542072e+03 
       1.858885143781e-01       2.536876026586e+03 
       1.889952971387e-01       2.475778777123e+03 
       1.921020828376e-01       2.408909871375e+03 
       1.952088713323e-01       2.336896596184e+03 
       1.983156624901e-01       2.261179713619e+03 
       2.014224561863e-01       2.183594219054e+03 
       2.045292523042e-01       2.106215160998e+03 
       2.076360507342e-01       2.030942246984e+03 
       2.107428513731e-01       1.959388892832e+03 
       2.138496541241e-01       1.892804709553e+03 
       2.169564588956e-01       1.832007494838e+03 
       2.200632656016e-01       1.777406652347e+03 
       2.231700741606e-01       1.729040879670e+03 
       2.262768844957e-01       1.686529386554e+03 
       2.293836965344e-01       1.649197089731e+03 
       2.324905102078e-01       1.616019854167e+03 
       2.355973254510e-01       1.585883614728e+03 
       2.387041422021e-01       1.557534115675e+03 
       2.418109604027e-01       1.529866817917e+03 
       2.449177799973e-01       1.501937911627e+03 
       2.480246009332e-01       1.473074786031e+03 
       2.511314231603e-01       1.442890023819e+03 
       2.542382466309e-01       1.411253936600e+03 
       2.573450712998e-01       1.378247721052e+03 
       2.604518971239e-01       1.344189362597e+03 
       2.635587240619e-01       1.309522085045e+03 
       2.666655520749e-01       1.274810261577e+03 
       2.697723811254e-01       1.240677530615e+03 
       2.728792111777e-01       1.207717079650e+03 
       2.759860421979e-01       1.176442192350e+03 
       2.790928741535e-01       1.147208225106e+03 
       2.821997070134e-01       1.120178802053e+03 
       2.853065407479e-01       1.095358351138e+03 
       2.884133753286e-01       1.072593199754e+03 
       2.915202107282e-01       1.051652553157e+03 
       2.946270469208e-01       1.032228703182e+03 
       2.977338838814e-01       1.013978415072e+03 
       3.008407215861e-01       9.965632304151e+02 
       3.039475600119e-01       9.796627692764e+02 
       3.070543991368e-01       9.629519752135e+02 
       3.101612389398e-01       9.461849634895e+02 
       3.132680794005e-01       9.291887371623e+02 
       3.163749204995e-01       9.118729580532e+02 
       3.194817622181e-01       8.942538197202e+02 
       3.225886045383e-01       8.764272525430e+02 
       3.256954474428e-01       8.585402180771e+02 
       3.288022909149e-01       8.407650272686e+02 
       3.319091349386e-01       8.232708596664e+02 
       3.350159794986e-01       8.062225991453e+02 
       3.381228245799e-01       7.897428776048e+02 
       3.412296701683e-01       7.739432924622e+02 
       3.443365162499e-01       7.588961873919e+02 
       3.474433628116e-01       7.446413812896e+02 
       3.505502098404e-01       7.311820414740e+02 
       3.536570573240e-01       7.184588102943e+02 
       3.567639052504e-01       7.063839607006e+02 
       3.598707536082e-01       6.948398222464e+02 
       3.629776023863e-01       6.836954413387e+02 
       3.660844515738e-01       6.728341689857e+02 
       3.691913011604e-01       6.621590739722e+02 
       3.722981511361e-01       6.515974201093e+02 
       3.754050014911e-01       6.411148468846e+02 
       3.785118522162e-01       6.306768211974e+02 
       3.816187033021e-01       6.202768577799e+02 
       3.847255547402e-01       6.099160921290e+02 
       3.878324065219e-01       5.996128903493e+02 
       3.909392586390e-01       5.894019020128e+02 
       3.940461110836e-01       5.793329999445e+02 
       3.971529638479e-01       5.694613944358e+02 
       4.002598169245e-01       5.598371248610e+02 
       4.033666703061e-01       5.504875646644e+02 
       4.064735239857e-01       5.414407144430e+02 
       4.095803779564e-01       5.326960756232e+02 
       4.126872322118e-01       5.242435993051e+02 
       4.157940867453e-01       5.160749990892e+02 
       4.189009415509e-01       5.081757785357e+02 
       4.220077966223e-01       5.005301929327e+02 
       4.251146519539e-01       4.931173579704e+02 
       4.282215075398e-01       4.859106778557e+02 
       4.313283633747e-01       4.788740812844e+02 
       4.344352194531e-01       4.719718310544e+02 
       4.375420757698e-01       4.651748262821e+02 
       4.406489323197e-01       4.584619371010e+02 
       4.437557890981e-01       4.518196749444e+02 
       4.468626461000e-01       4.452510218388e+02 
       4.499695033208e-01       4.387566917718e+02 
       4.530763607560e-01       4.323461200732e+02 
       4.561832184013e-01       4.260245633597e+02 
       4.592900762523e-01       4.197990300214e+02 
       4.623969343048e-01       4.136757765429e+02 
       4.655037925549e-01       4.076704867344e+02 
       4.686106509986e-01       4.017961491521e+02 
       4.717175096320e-01       3.960655582918e+02 
       4.748243684514e-01       3.904890695554e+02 
       4.779312274532e-01       3.850678454782e+02 
       4.810380866338e-01       3.797945648712e+02 
       4.841449459898e-01       3.746562400717e+02 
       4.872518055177e-01       3.696378446795e+02 
       4.903586652145e-01       3.647264439772e+02 
       4.934655250767e-01       3.599121417052e+02 
       4.965723851013e-01       3.551874482776e+02 
       4.996792452854e-01       3.505457888151e+02 
       5.027861056258e-01       3.459806072403e+02 
       5.058929661198e-01       3.414830664287e+02 
       5.089998267644e-01       3.370427370234e+02 
       5.121066875570e-01       3.326592649047e+02 
       5.152135484949e-01       3.283319816009e+02 
       5.183204095754e-01       3.240661297553e+02 
       5.214272707960e-01       3.198688547526e+02 
       5.245341321542e-01       3.157461243166e+02 
       5.276409936475e-01       3.117019106888e+02 
       5.307478552736e-01       3.077358947729e+02 
       5.338547170302e-01       3.038436030185e+02 
       5.369615789149e-01       3.000244992136e+02 
       5.400684409256e-01       2.962772275005e+02 
       5.431753030601e-01       2.926030815803e+02 
       5.462821653162e-01       2.890018857641e+02 
       5.493890276920e-01       2.854742077354e+02 
       5.524958901853e-01       2.820166704137e+02 
       5.556027527943e-01       2.786234923309e+02 
       5.587096155169e-01       2.752884988682e+02 
       5.618164783513e-01       2.720061156468e+02 
       5.649233412956e-01       2.687728914027e+02 
       5.680302043480e-01       2.655885501208e+02 
       5.711370675068e-01       2.624537754054e+02 
       5.742439307702e-01       2.593688715206e+02 
       5.773507941365e-01       2.563326341756e+02 
       5.804576576041e-01       2.533418445057e+02 
       5.835645211713e-01       2.503938766612e+02 
       5.866713848366e-01       2.474871340434e+02 
       5.897782485984e-01       2.446223258306e+02 
       5.928851124552e-01       2.418013696512e+02 
       5.959919764054e-01       2.390273463655e+02 
       5.990988404477e-01       2.363024031842e+02 
       6.022057045807e-01       2.336259932858e+02 
       6.053125688028e-01       2.309958774059e+02 
       6.084194331128e-01       2.284086688608e+02 
       6.115262975092e-01       2.258619939016e+02 
       6.146331619909e-01       2.233551003592e+02 
       6.177400265564e-01       2.208880384870e+02 
       6.208468912046e-01       2.184614090091e+02 
       6.239537559341e-01       2.160750533134e+02 
       6.270606207439e-01       2.137271535658e+02 
       6.301674856326e-01       2.114146962526e+02 
       6.332743505992e-01       2.091348811366e+02 
       6.363812156424e-01       2.068853737940e+02 
       6.394880807612e-01       2.046661918004e+02 
       6.425949459545e-01       2.024780057599e+02 
       6.457018112212e-01       2.003222296892e+02 
       6.488086765602e-01       1.981998700838e+02 
       6.519155419705e-01       1.961097957902e+02 
       6.550224074510e-01       1.940503838105e+02 
       6.581292730009e-01       1.920197393552e+02 
       6.612361386190e-01       1.900164400867e+02 
       6.643430043045e-01       1.880410777647e+02 
       6.674498700564e-01       1.860945789137e+02 
       6.705567358737e-01       1.841780252877e+02 
       6.736636017557e-01       1.822917792866e+02 
       6.767704677013e-01       1.804348066849e+02 
       6.798773337096e-01       1.786051566265e+02 
       6.829841997800e-01       1.768006966597e+02 
       6.860910659114e-01       1.750201895288e+02 
       6.891979321031e-01       1.732633261280e+02 
       6.923047983542e-01       1.715308571636e+02 
       6.954116646641e-01       1.698234046384e+02 
       6.985185310317e-01       1.681412021514e+02 
       7.016253974565e-01       1.664830575538e+02 
       7.047322639376e-01       1.648474062272e+02 
       7.078391304744e-01       1.632324644967e+02 
       7.109459970660e-01       1.616376344857e+02 
       7.140528637117e-01       1.600629193774e+02 
       7.171597304109e-01       1.585093733757e+02 
       7.202665971629e-01       1.569778371060e+02 
       7.233734639669e-01       1.554685007621e+02 
       7.264803308223e-01       1.539804150054e+02 
       7.295871977285e-01       1.525124249226e+02 
       7.606024550492e-01       1.388625070155e+02 
       7.935505890014e-01       1.261540358201e+02 
       8.285331204153e-01       1.143745135605e+02 
       8.656342225876e-01       1.034858777181e+02 
       9.049200648649e-01       9.347435187176e+01 
       9.464417200649e-01       8.429806082700e+01 
       9.902411038044e-01       7.592422771243e+01 
       1.036358420089e+00       6.830723115839e+01 
       1.084839257004e+00       6.139850762966e+01 
       1.135739912244e+00       5.514716836208e+01 
       1.189130376698e+00       4.950184843593e+01 
       1.245095186946e+00       4.441100206718e+01 
       1.303732795083e+00       3.982317761981e+01 
       1.365154184527e+00       3.569329256763e+01 
       1.429481317647e+00       3.197861500587e+01 
       1.496845781641e+00       2.863916387316e+01 
       1.567387798370e+00       2.563782553791e+01 
       1.641255622387e+00       2.294236189213e+01 
       1.718605273230e+00       2.052246857978e+01 
       1.799600519739e+00       1.835065768467e+01 
       1.884413037035e+00       1.640297681054e+01 
       1.973222674048e+00       1.465636614050e+01 
       2.066217789740e+00       1.309116582295e+01 
       2.163595633064e+00       1.168889337771e+01 
       2.265562753552e+00       1.043298480188e+01 
       2.372335436584e+00       9.308776665858e+00 
       2.484140161187e+00       8.302759722706e+00 
       2.601214080136e+00       7.402863928279e+00 
       2.723805522902e+00       6.598146556551e+00 
       2.852174522369e+00       5.878831640254e+00 
       2.986593366396e+00       5.236082866876e+00 
       3.127347175373e+00       4.661921751010e+00 
       3.274734506999e+00       4.149264476010e+00 
       3.429067989566e+00       3.691608806269e+00 
       3.590674985082e+00       3.283245860505e+00 
       3.759898283652e+00       2.918934998065e+00 
       3.937096830579e+00       2.594066020827e+00 
       4.122646487740e+00       2.304461511264e+00 
       4.316940830835e+00       2.046363742218e+00 
       4.520391984213e+00       1.816457065508e+00 
       4.733431495050e+00       1.611663756002e+00 
       4.956511248710e+00       1.429356117719e+00 
       5.190104427260e+00       1.267081527774e+00 
       5.434706513149e+00       1.122706099164e+00 
       5.690836340197e+00       9.942783092700e-01 
       5.959037194106e+00       8.801024474898e-01 
       6.239877964845e+00       7.786076239016e-01 
       6.533954353343e+00       6.884230340732e-01 
       6.841890135047e+00       6.083144033733e-01 
       7.164338483036e+00       5.371882196453e-01 
       7.501983353486e+00       4.740479080674e-01 
       7.855540936438e+00       4.180288481412e-01 
       8.225761174927e+00       3.683465670205e-01 
       8.613429355715e+00       3.243001427938e-01 
       9.019367774988e+00       2.852608627373e-01 
       9.444437482561e+00       2.506857546550e-01 
       9.889540108271e+00       2.200647734915e-01 
       1.035561977447e+01       1.929762869391e-01 
       1.084366509860e+01       1.690116492087e-01 
       1.135471129025e+01       1.478300713167e-01 
       1.188984234690e+01       1.291167449606e-01 
       1.245019335326e+01       1.125949218425e-01 
       1.303695288895e+01       9.802228990340e-02 
       1.365136554962e+01       8.517600526132e-02 
       1.429473458688e+01       7.386260371676e-02 
       1.496842467274e+01       6.391191801067e-02 
       1.567386479417e+01       5.516352343689e-02 
       1.641255128427e+01       4.748473242755e-02 
       1.718605099610e+01       4.075278626674e-02 
       1.799600462628e+01       3.486084628849e-02 
       1.884413019503e+01       2.971271025468e-02 
       1.973222669041e+01       2.522199723995e-02 
       2.066217788414e+01       2.131405054085e-02 
       2.163595632739e+01       1.792236882855e-02 
       2.265562753479e+01       1.498606931140e-02 
       2.372335436568e+01       1.245287520101e-02 
       2.484140161184e+01       1.027482254004e-02 
       2.601214080135e+01       8.410830738850e-03 
       2.723805522901e+01       6.823107576794e-03 
       2.852174522369e+01       5.478928061682e-03 
       2.986593366396e+01       4.347655818362e-03 
       3.127347175373e+01       3.403214441436e-03 
       3.274734506999e+01       2.621756500347e-03 
       3.429067989566e+01       1.982400980498e-03 
       3.590674985082e+01       1.465861660375e-03 
       3.759898283652e+01       1.054979605364e-03 
       3.937096830579e+01       7.341878100099e-04 
       4.122646487740e+01       4.896821402612e-04 
       4.316940830835e+01       3.087325705597e-04 
       4.520391984213e+01       1.801290423588e-04 
       4.733431495050e+01       9.359064619580e-05 
       4.956511248710e+01       4.003196439341e-05 
       5.190104427260e+01       1.141305735658e-05 
       5.434706513149e+01       6.807437303490e-07 
       5.690836340197e+01       1.784488053547e-06 
       5.959037194106e+01       9.665765677276e-06 
       6.239877964845e+01       2.028397815175e-05 
       6.533954353343e+01       3.057386700652e-05 
       6.841890135047e+01       3.843585229559e-05 
       7.164338483036e+01       4.268607528002e-05 
       7.501983353486e+01       4.294880540935e-05 
       7.855540936438e+01       3.957626297498e-05 
       8.225761174927e+01       3.340836174155e-05 
       8.613429355715e+01       2.563421354823e-05 
       9.019367774988e+01       1.754191143096e-05 
       9.444437482561e+01       1.029763369921e-05 
       9.889540108271e+01       4.761359051515e-06 
       1.035561977447e+02       1.363976917895e-06 
       1.084366509860e+02       5.040016577268e-08 
       1.135471129025e+02       3.516736540877e-07 
       1.188984234690e+02       1.532530368785e-06 
       1.245019335326e+02       2.808422979812e-06 
       1.303695288895e+02       3.564106227523e-06 
