# Matter power spectrum P(k) at redshift z=0
# for k=1.00946e-05 to 163.221 h/Mpc,
# number of wavenumbers equal to 626
#    1:k (h/Mpc)              2:P (Mpc/h)^3        
       1.009464849392e-05       6.410239330593e+01 
       2.254595584416e-05       1.405380143745e+02 
       3.503816723294e-05       2.148612438236e+02 
       4.760268435468e-05       2.884535478484e+02 
       6.027139435890e-05       3.619277653082e+02 
       7.307693559436e-05       4.354974575762e+02 
       8.605297131448e-05       5.095669985453e+02 
       9.923447476341e-05       5.843623414585e+02 
       1.126580290891e-04       6.600570353109e+02 
       1.263621455605e-04       7.369442583953e+02 
       1.403876035795e-04       8.152866923474e+02 
       1.547778159539e-04       8.953135648715e+02 
       1.695792227905e-04       9.773026972554e+02 
       1.848417171445e-04       1.061512228001e+03 
       2.006191051407e-04       1.148235098756e+03 
       2.169696025972e-04       1.237773474658e+03 
       2.339563691054e-04       1.330467776523e+03 
       2.516480789239e-04       1.426660769816e+03 
       2.701195257346e-04       1.526744656603e+03 
       2.894522550830e-04       1.631114280843e+03 
       3.097352139111e-04       1.740225711255e+03 
       3.310654007132e-04       1.854550241908e+03 
       3.535484922061e-04       1.974610011158e+03 
       3.772994127619e-04       2.100956816642e+03 
       4.024428010618e-04       2.234187716447e+03 
       4.291133146229e-04       2.374936235289e+03 
       4.574556975369e-04       2.523877249666e+03 
       4.876245211381e-04       2.681718494262e+03 
       5.197834934539e-04       2.849196242757e+03 
       5.541042244227e-04       3.027065909147e+03 
       5.907643344400e-04       3.216090432004e+03 
       6.299448092965e-04       3.417022166981e+03 
       6.718265407378e-04       3.630584122602e+03 
       7.165860532352e-04       3.857444314021e+03 
       7.643905052204e-04       4.098190264200e+03 
       8.153921621100e-04       4.353300275326e+03 
       8.697226559257e-04       4.623112441478e+03 
       9.274874509320e-04       4.907802648392e+03 
       9.887609998824e-04       5.207360790247e+03 
       1.053583075995e-03       5.521577457399e+03 
       1.121956686855e-03       5.850040979960e+03 
       1.193847821462e-03       6.192146785703e+03 
       1.269187075031e-03       6.547108089939e+03 
       1.347872978076e-03       6.913951419083e+03 
       1.429776671316e-03       7.291632792920e+03 
       1.514747450523e-03       7.679018375388e+03 
       1.602618671174e-03       8.074909228611e+03 
       1.693213545248e-03       8.478088999218e+03 
       1.786350459668e-03       8.887349019236e+03 
       1.881847568904e-03       9.301517492314e+03 
       1.979526536666e-03       9.719471286820e+03 
       2.079215405112e-03       1.014015705409e+04 
       2.180750645487e-03       1.056259713185e+04 
       2.283978490652e-03       1.098588715199e+04 
       2.388755671666e-03       1.140921115042e+04 
       2.494949683712e-03       1.183182974803e+04 
       2.602438697858e-03       1.225307559768e+04 
       2.711111219785e-03       1.267235687920e+04 
       2.820865578879e-03       1.308914810700e+04 
       2.931609313536e-03       1.350298572272e+04 
       3.043258502730e-03       1.391347311387e+04 
       3.155737080483e-03       1.432024528941e+04 
       3.268976158968e-03       1.472298980233e+04 
       3.382913377512e-03       1.512145037682e+04 
       3.497492288292e-03       1.551538560874e+04 
       3.612661784761e-03       1.590460052441e+04 
       3.728375575478e-03       1.628892387950e+04 
       3.844591703630e-03       1.666820994590e+04 
       3.961272110993e-03       1.704234587024e+04 
       4.078382244082e-03       1.741122100358e+04 
       4.195890699678e-03       1.777476416629e+04 
       4.313768906639e-03       1.813289608713e+04 
       4.431990840826e-03       1.848557836385e+04 
       4.550532770055e-03       1.883276565089e+04 
       4.669373026086e-03       1.917442623010e+04 
       4.788491800896e-03       1.951053327481e+04 
       4.907870964669e-03       1.984111889468e+04 
       5.027493903171e-03       2.016615873417e+04 
       5.147345372394e-03       2.048566458562e+04 
       5.267411368582e-03       2.079964936635e+04 
       5.387679011919e-03       2.110812747370e+04 
       5.508136442378e-03       2.141112834923e+04 
       5.628772726370e-03       2.170868144537e+04 
       5.749577773000e-03       2.200079797059e+04 
       5.870542258865e-03       2.228752884969e+04 
       5.991657560450e-03       2.256890800463e+04 
       6.112915693289e-03       2.284497640588e+04 
       6.234309257161e-03       2.311576746801e+04 
       6.355831386653e-03       2.338132546150e+04 
       6.477475706524e-03       2.364168658662e+04 
       6.599236291355e-03       2.389690983217e+04 
       6.721107629027e-03       2.414705201321e+04 
       6.843084587634e-03       2.439212081995e+04 
       6.965162385466e-03       2.463221237249e+04 
       7.087336563750e-03       2.486734800523e+04 
       7.209602961865e-03       2.509756847266e+04 
       7.331957694789e-03       2.532294306548e+04 
       7.454397132541e-03       2.554358321397e+04 
       7.576917881437e-03       2.575941585854e+04 
       7.699516766966e-03       2.597054152615e+04 
       7.822190818144e-03       2.617702121704e+04 
       7.944937253195e-03       2.637889456781e+04 
       8.067753466432e-03       2.657622384465e+04 
       8.190637016235e-03       2.676905589356e+04 
       8.313585614016e-03       2.695743319281e+04 
       8.436597114079e-03       2.714140533657e+04 
       8.559669504301e-03       2.732102115906e+04 
       8.682800897556e-03       2.749632792924e+04 
       8.805989523813e-03       2.766738273760e+04 
       8.929233722859e-03       2.783423065379e+04 
       9.052531937575e-03       2.799690696429e+04 
       9.175882707736e-03       2.815548220224e+04 
       9.299284664283e-03       2.830999426175e+04 
       9.422736524020e-03       2.846048874345e+04 
       9.546237084713e-03       2.860702089661e+04 
       9.669785220550e-03       2.874962484323e+04 
       9.793379877934e-03       2.888834822806e+04 
       9.917020071586e-03       2.902323828154e+04 
       1.004070488092e-02       2.915433723252e+04 
       1.016443344671e-02       2.928168597491e+04 
       1.028820496794e-02       2.940533210173e+04 
       1.041201869892e-02       2.952531894158e+04 
       1.053587394662e-02       2.964170241810e+04 
       1.065977006814e-02       2.975451638432e+04 
       1.078370646837e-02       2.986380426849e+04 
       1.090768259788e-02       2.996961272004e+04 
       1.103169795086e-02       3.007197726902e+04 
       1.115575206324e-02       3.017094652344e+04 
       1.127984451099e-02       3.026654713968e+04 
       1.140397490846e-02       3.035882921306e+04 
       1.152814290686e-02       3.044782694459e+04 
       1.165234819288e-02       3.053358780386e+04 
       1.177659048739e-02       3.061614704357e+04 
       1.190086954417e-02       3.069554675469e+04 
       1.202518514882e-02       3.077182111955e+04 
       1.214953711769e-02       3.084501542769e+04 
       1.227392529690e-02       3.091515780981e+04 
       1.239834956144e-02       3.098229477631e+04 
       1.252280981431e-02       3.104645818883e+04 
       1.264730598575e-02       3.110759965470e+04 
       1.277183803251e-02       3.116592753870e+04 
       1.289640593717e-02       3.122138757745e+04 
       1.302100970753e-02       3.127393571324e+04 
       1.314564937606e-02       3.132376511660e+04 
       1.327032499934e-02       3.137085021967e+04 
       1.339503665758e-02       3.141521302725e+04 
       1.351978445419e-02       3.145691171899e+04 
       1.364456851541e-02       3.149599020308e+04 
       1.376938898987e-02       3.153231862725e+04 
       1.389424604833e-02       3.156601759917e+04 
       1.401913988334e-02       3.159730054332e+04 
       1.414407070898e-02       3.162612703850e+04 
       1.426903876066e-02       3.165245553160e+04 
       1.439404429485e-02       3.167623606190e+04 
       1.451908758897e-02       3.169766882288e+04 
       1.464416894118e-02       3.171674915847e+04 
       1.476928867029e-02       3.173344012984e+04 
       1.489444711564e-02       3.174765093386e+04 
       1.501964463704e-02       3.175972988689e+04 
       1.514488161469e-02       3.176957550115e+04 
       1.527015844916e-02       3.177714711867e+04 
       1.539547556136e-02       3.178249076375e+04 
       1.552083339260e-02       3.178561024493e+04 
       1.564623240455e-02       3.178665860417e+04 
       1.577167307934e-02       3.178562145484e+04 
       1.589715591960e-02       3.178243533226e+04 
       1.602268144854e-02       3.177724243933e+04 
       1.614825021010e-02       3.176999074115e+04 
       1.627386276901e-02       3.176069639599e+04 
       1.639951971098e-02       3.174950408248e+04 
       1.652522164284e-02       3.173653877908e+04 
       1.665096919269e-02       3.172149153970e+04 
       1.677676301015e-02       3.170438766129e+04 
       1.690260376649e-02       3.168576617578e+04 
       1.702849215493e-02       3.166520810821e+04 
       1.715442889084e-02       3.164283325570e+04 
       1.728041471200e-02       3.161869427205e+04 
       1.740645037890e-02       3.159277609530e+04 
       1.753253667499e-02       3.156503438040e+04 
       1.765867440702e-02       3.153582185116e+04 
       1.778486440536e-02       3.150476287998e+04 
       1.791110752433e-02       3.147227722306e+04 
       1.803740464255e-02       3.143803187267e+04 
       1.816375666334e-02       3.140220050818e+04 
       1.829016451508e-02       3.136478406896e+04 
       1.841662915165e-02       3.132581129825e+04 
       1.854315155281e-02       3.128538824129e+04 
       1.866973272471e-02       3.124359923614e+04 
       1.879637370027e-02       3.120020887566e+04 
       1.892307553971e-02       3.115526741109e+04 
       1.904983933102e-02       3.110914036341e+04 
       1.917666619051e-02       3.106144666962e+04 
       1.930355726329e-02       3.101246613991e+04 
       1.943051372387e-02       3.096227115449e+04 
       1.955753677670e-02       3.091061732532e+04 
       1.968462765677e-02       3.085766259834e+04 
       1.981178763021e-02       3.080335607935e+04 
       1.993901799497e-02       3.074789884129e+04 
       2.006632008140e-02       3.069121382446e+04 
       2.019369525299e-02       3.063340440983e+04 
       2.032114490701e-02       3.057425341599e+04 
       2.044867047529e-02       3.051413505947e+04 
       2.057627342491e-02       3.045273395692e+04 
       2.070395525899e-02       3.039029016680e+04 
       2.083171751748e-02       3.032668894855e+04 
       2.095956177799e-02       3.026194302144e+04 
       2.108748965660e-02       3.019623346604e+04 
       2.121550280877e-02       3.012949689898e+04 
       2.134360293018e-02       3.006175573864e+04 
       2.147179175773e-02       2.999311818246e+04 
       2.160007107043e-02       2.992333194837e+04 
       2.172844269041e-02       2.985277008432e+04 
       2.185690848394e-02       2.978117204328e+04 
       2.198547036247e-02       2.970857961534e+04 
       2.211413028370e-02       2.963519074622e+04 
       2.224289025271e-02       2.956092809112e+04 
       2.237175232311e-02       2.948581119787e+04 
       2.250071859821e-02       2.940999275407e+04 
       2.262979123224e-02       2.933322975437e+04 
       2.275897243165e-02       2.925569636015e+04 
       2.288826445635e-02       2.917735567025e+04 
       2.301766962110e-02       2.909825905174e+04 
       2.314719029689e-02       2.901836096750e+04 
       2.327682891234e-02       2.893780080129e+04 
       2.340658795522e-02       2.885658146322e+04 
       2.353646997393e-02       2.877468709061e+04 
       2.366647757910e-02       2.869209482981e+04 
       2.379661344521e-02       2.860886025946e+04 
       2.392688031224e-02       2.852495111492e+04 
       2.405728098747e-02       2.844035869921e+04 
       2.418781834717e-02       2.835524163947e+04 
       2.431849533854e-02       2.826952161811e+04 
       2.444931498157e-02       2.818332215235e+04 
       2.458028037101e-02       2.809643238577e+04 
       2.471139467843e-02       2.800917478919e+04 
       2.484266115434e-02       2.792128850027e+04 
       2.497408313032e-02       2.783288403098e+04 
       2.510566402132e-02       2.774392426449e+04 
       2.523740732798e-02       2.765456197127e+04 
       2.536931663903e-02       2.756472639398e+04 
       2.550139563382e-02       2.747445746438e+04 
       2.563364808484e-02       2.738385004999e+04 
       2.576607786046e-02       2.729261465919e+04 
       2.589868892768e-02       2.720128487633e+04 
       2.603148535496e-02       2.710919285772e+04 
       2.616447131525e-02       2.701700029268e+04 
       2.629765108904e-02       2.692433167507e+04 
       2.643102906753e-02       2.683125743164e+04 
       2.656460975597e-02       2.673790314871e+04 
       2.669839777708e-02       2.664421649112e+04 
       2.683239787459e-02       2.655023407929e+04 
       2.696661491696e-02       2.645602630058e+04 
       2.710105390117e-02       2.636138688823e+04 
       2.723571995674e-02       2.626664735588e+04 
       2.737061834981e-02       2.617153365232e+04 
       2.750575448744e-02       2.607615872175e+04 
       2.764113392209e-02       2.598051495318e+04 
       2.777676235620e-02       2.588467297764e+04 
       2.791264564702e-02       2.578858072767e+04 
       2.804878981161e-02       2.569246413861e+04 
       2.818520103204e-02       2.559601647526e+04 
       2.832188566076e-02       2.549939420728e+04 
       2.845885022631e-02       2.540258261876e+04 
       2.859610143908e-02       2.530555927640e+04 
       2.873364619748e-02       2.520843213280e+04 
       2.887149159429e-02       2.511114997693e+04 
       2.900964492322e-02       2.501382418716e+04 
       2.914811368590e-02       2.491620489935e+04 
       2.928690559902e-02       2.481867858993e+04 
       2.942602860186e-02       2.472089978367e+04 
       2.956549086412e-02       2.462303151619e+04 
       2.970530079409e-02       2.452505182325e+04 
       2.984546704721e-02       2.442699658464e+04 
       2.998599853497e-02       2.432894687862e+04 
       3.012690443426e-02       2.423074178317e+04 
       3.026819419710e-02       2.413262122375e+04 
       3.040987756082e-02       2.403432001299e+04 
       3.055196455877e-02       2.393600503560e+04 
       3.069446553144e-02       2.383762889988e+04 
       3.083739113820e-02       2.373924337196e+04 
       3.098075236950e-02       2.364082969671e+04 
       3.112456055973e-02       2.354242663315e+04 
       3.126882740071e-02       2.344402089330e+04 
       3.141356495575e-02       2.334559693615e+04 
       3.155878567452e-02       2.324725709585e+04 
       3.170450240861e-02       2.314883131513e+04 
       3.185072842783e-02       2.305040243356e+04 
       3.199747743745e-02       2.295203093461e+04 
       3.214476359623e-02       2.285367104815e+04 
       3.229260153542e-02       2.275532395559e+04 
       3.244100637881e-02       2.265714743774e+04 
       3.258999376375e-02       2.255897588932e+04 
       3.273957986336e-02       2.246065851501e+04 
       3.288978140996e-02       2.236253500757e+04 
       3.304061571975e-02       2.226449485901e+04 
       3.319210071885e-02       2.216646838717e+04 
       3.334425497084e-02       2.206846205957e+04 
       3.349709770584e-02       2.197066535622e+04 
       3.365064885125e-02       2.187283580126e+04 
       3.380492906431e-02       2.177494789404e+04 
       3.395995976648e-02       2.167730448528e+04 
       3.411576317999e-02       2.157968688051e+04 
       3.427236236650e-02       2.148215156539e+04 
       3.442978126809e-02       2.138468426896e+04 
       3.458804475084e-02       2.128730241581e+04 
       3.474717865108e-02       2.118996051764e+04 
       3.490720982455e-02       2.109274543987e+04 
       3.506816619873e-02       2.099566635578e+04 
       3.523007682849e-02       2.089861989593e+04 
       3.539297195542e-02       2.080160485743e+04 
       3.555688307112e-02       2.070479810776e+04 
       3.572184298463e-02       2.060809757081e+04 
       3.588788589457e-02       2.051130973055e+04 
       3.605504746615e-02       2.041475362571e+04 
       3.622336491361e-02       2.031830659052e+04 
       3.639287708845e-02       2.022174619242e+04 
       3.656362457404e-02       2.012544722803e+04 
       3.673564978707e-02       2.002922513487e+04 
       3.690899708648e-02       1.993305134291e+04 
       3.708371289055e-02       1.983687749306e+04 
       3.725984580290e-02       1.974088048269e+04 
       3.743744674815e-02       1.964496186996e+04 
       3.761656911821e-02       1.954915427497e+04 
       3.779726893013e-02       1.945321216922e+04 
       3.797960499676e-02       1.935753051334e+04 
       3.816363911128e-02       1.926184180372e+04 
       3.834943624708e-02       1.916621509041e+04 
       3.853706477458e-02       1.907062719779e+04 
       3.872659669653e-02       1.897508216351e+04 
       3.891810790398e-02       1.887951067333e+04 
       3.911167845479e-02       1.878409176287e+04 
       3.930739287740e-02       1.868857646161e+04 
       3.950534050234e-02       1.859321142264e+04 
       3.970561582476e-02       1.849779565326e+04 
       3.990831890138e-02       1.840237064981e+04 
       4.011355578580e-02       1.830692863680e+04 
       4.032143900672e-02       1.821146904617e+04 
       4.053208809411e-02       1.811596243751e+04 
       4.074563015923e-02       1.802047348759e+04 
       4.096220053497e-02       1.792490956430e+04 
       4.118194348439e-02       1.782927542703e+04 
       4.140501298594e-02       1.773355216941e+04 
       4.163157360554e-02       1.763769023154e+04 
       4.186180146709e-02       1.754182127383e+04 
       4.209588533489e-02       1.744587474860e+04 
       4.233402782341e-02       1.734956803865e+04 
       4.257644675264e-02       1.725326353579e+04 
       4.282337667010e-02       1.715673418023e+04 
       4.307507056429e-02       1.706000380188e+04 
       4.333180179852e-02       1.696299077897e+04 
       4.359386629955e-02       1.686580830850e+04 
       4.386158504121e-02       1.676833945394e+04 
       4.413530687126e-02       1.667053211006e+04 
       4.441541173831e-02       1.657236596687e+04 
       4.470231438732e-02       1.647388475238e+04 
       4.499646860526e-02       1.637494834516e+04 
       4.529837211566e-02       1.627557097761e+04 
       4.560857224110e-02       1.617570410222e+04 
       4.592767247825e-02       1.607519948115e+04 
       4.625634016185e-02       1.597420797576e+04 
       4.659531543350e-02       1.587254216741e+04 
       4.694542178077e-02       1.577010278259e+04 
       4.730757847439e-02       1.566688340160e+04 
       4.768281531055e-02       1.556283354244e+04 
       4.807229016462e-02       1.545769151949e+04 
       4.847730999025e-02       1.535152704880e+04 
       4.889935605909e-02       1.524418307872e+04 
       4.934011444291e-02       1.513546543203e+04 
       4.980151300247e-02       1.502526596687e+04 
       5.028576648100e-02       1.491337720608e+04 
       5.079543172049e-02       1.479955053679e+04 
       5.133347554157e-02       1.468357539378e+04 
       5.190335846157e-02       1.456517358542e+04 
       5.250913816182e-02       1.444386506518e+04 
       5.315559739997e-02       1.431919138461e+04 
       5.384840174606e-02       1.419057217613e+04 
       5.459429275101e-02       1.405725024479e+04 
       5.540132118813e-02       1.391826897131e+04 
       5.627912134401e-02       1.377236968924e+04 
       5.723921812462e-02       1.361779676528e+04 
       5.829533888791e-02       1.345236028896e+04 
       5.946366316084e-02       1.327306102012e+04 
       6.076287477250e-02       1.307575289457e+04 
       6.221377477332e-02       1.285505270606e+04 
       6.383808653706e-02       1.260407950889e+04 
       6.565602496941e-02       1.231432812984e+04 
       6.768242463036e-02       1.197651271617e+04 
       6.992200317225e-02       1.158225624202e+04 
       7.236559228078e-02       1.112675519451e+04 
       7.498984568261e-02       1.061234784810e+04 
       7.776155275890e-02       1.004991625566e+04 
       8.064469471418e-02       9.458074311692e+03 
       8.360672489059e-02       8.860152739705e+03 
       8.662184939970e-02       8.279909947002e+03 
       8.967143568363e-02       7.738079824507e+03 
       9.274284782583e-02       7.250020127993e+03 
       9.582786511770e-02       6.824802158166e+03 
       9.892127945262e-02       6.465402204852e+03 
       1.020198457548e-01       6.169401046488e+03 
       1.051215627200e-01       5.930072347419e+03 
       1.082252037712e-01       5.737677582228e+03 
       1.113300199271e-01       5.580525826154e+03 
       1.144355547896e-01       5.446096027728e+03 
       1.175415305295e-01       5.322301231350e+03 
       1.206477780580e-01       5.198328003132e+03 
       1.237541944217e-01       5.065648926409e+03 
       1.268607168638e-01       4.918729813032e+03 
       1.299673070550e-01       4.755097784915e+03 
       1.330739415121e-01       4.575493732320e+03 
       1.361806057802e-01       4.383319674238e+03 
       1.392872908993e-01       4.183769930048e+03 
       1.423939912590e-01       3.983078476176e+03 
       1.455007032953e-01       3.787542384432e+03 
       1.486074246983e-01       3.602824135352e+03 
       1.517141539308e-01       3.433471953484e+03 
       1.548208899347e-01       3.282489478106e+03 
       1.579276319521e-01       3.151305761452e+03 
       1.610343794161e-01       3.039767435325e+03 
       1.641411318831e-01       2.946401670879e+03 
       1.672478889920e-01       2.868630966308e+03 
       1.703546504380e-01       2.803138988894e+03 
       1.734614159563e-01       2.746242620749e+03 
       1.765681853122e-01       2.694243740944e+03 
       1.796749582939e-01       2.644318977821e+03 
       1.827817347084e-01       2.592654767727e+03 
       1.858885143781e-01       2.536957045394e+03 
       1.889952971387e-01       2.475860506689e+03 
       1.921020828376e-01       2.408992082715e+03 
       1.952088713323e-01       2.336979060499e+03 
       1.983156624901e-01       2.261262405695e+03 
       2.014224561863e-01       2.183676931790e+03 
       2.045292523042e-01       2.106298279777e+03 
       2.076360507342e-01       2.031025244923e+03 
       2.107428513731e-01       1.959471720070e+03 
       2.138496541241e-01       1.892887912552e+03 
       2.169564588956e-01       1.832090576834e+03 
       2.200632656016e-01       1.777490176536e+03 
       2.231700741606e-01       1.729124374369e+03 
       2.262768844957e-01       1.686612919000e+03 
       2.293836965344e-01       1.649281368397e+03 
       2.324905102078e-01       1.616104341584e+03 
       2.355973254510e-01       1.585968759584e+03 
       2.387041422021e-01       1.557620074731e+03 
       2.418109604027e-01       1.529953053166e+03 
       2.449177799973e-01       1.502024805291e+03 
       2.480246009332e-01       1.473162305418e+03 
       2.511314231603e-01       1.442977439024e+03 
       2.542382466309e-01       1.411341741692e+03 
       2.573450712998e-01       1.378335897321e+03 
       2.604518971239e-01       1.344277210677e+03 
       2.635587240619e-01       1.309610127291e+03 
       2.666655520749e-01       1.274898362158e+03 
       2.697723811254e-01       1.240765618698e+03 
       2.728792111777e-01       1.207805233059e+03 
       2.759860421979e-01       1.176530391377e+03 
       2.790928741535e-01       1.147295856964e+03 
       2.821997070134e-01       1.120266564148e+03 
       2.853065407479e-01       1.095446183579e+03 
       2.884133753286e-01       1.072681168900e+03 
       2.915202107282e-01       1.051740706487e+03 
       2.946270469208e-01       1.032317111031e+03 
       2.977338838814e-01       1.014067081955e+03 
       3.008407215861e-01       9.966520530032e+02 
       3.039475600119e-01       9.797518164459e+02 
       3.070543991368e-01       9.630411818482e+02 
       3.101612389398e-01       9.462742729563e+02 
       3.132680794005e-01       9.292781213457e+02 
       3.163749204995e-01       9.119624141654e+02 
       3.194817622181e-01       8.943439918750e+02 
       3.225886045383e-01       8.765173949112e+02 
       3.256954474428e-01       8.586302913270e+02 
       3.288022909149e-01       8.408549948204e+02 
       3.319091349386e-01       8.233606562790e+02 
       3.350159794986e-01       8.063122330358e+02 
       3.381228245799e-01       7.898323573824e+02 
       3.412296701683e-01       7.740321903672e+02 
       3.443365162499e-01       7.589854434095e+02 
       3.474433628116e-01       7.447311784258e+02 
       3.505502098404e-01       7.312717837796e+02 
       3.536570573240e-01       7.185484422307e+02 
       3.567639052504e-01       7.064734998676e+02 
       3.598707536082e-01       6.949294076024e+02 
       3.629776023863e-01       6.837850688152e+02 
       3.660844515738e-01       6.729238146458e+02 
       3.691913011604e-01       6.622488664073e+02 
       3.722981511361e-01       6.516871189094e+02 
       3.754050014911e-01       6.412050224823e+02 
       3.785118522162e-01       6.307666775487e+02 
       3.816187033021e-01       6.203669323973e+02 
       3.847255547402e-01       6.100059978761e+02 
       3.878324065219e-01       5.997027687915e+02 
       3.909392586390e-01       5.894918024241e+02 
       3.940461110836e-01       5.794228802294e+02 
       3.971529638479e-01       5.695512372429e+02 
       4.002598169245e-01       5.599269540608e+02 
       4.033666703061e-01       5.505773733283e+02 
       4.064735239857e-01       5.415305273105e+02 
       4.095803779564e-01       5.327859199360e+02 
       4.126872322118e-01       5.243334283000e+02 
       4.157940867453e-01       5.161647598250e+02 
       4.189009415509e-01       5.082651421419e+02 
       4.220077966223e-01       5.006196213312e+02 
       4.251146519539e-01       4.932067369709e+02 
       4.282215075398e-01       4.859999940584e+02 
       4.313283633747e-01       4.789633525622e+02 
       4.344352194531e-01       4.720615747478e+02 
       4.375420757698e-01       4.652647757652e+02 
       4.406489323197e-01       4.585515015830e+02 
       4.437557890981e-01       4.519092297198e+02 
       4.468626461000e-01       4.453404543096e+02 
       4.499695033208e-01       4.388461483084e+02 
       4.530763607560e-01       4.324353566248e+02 
       4.561832184013e-01       4.261138762805e+02 
       4.592900762523e-01       4.198883192298e+02 
       4.623969343048e-01       4.137650141785e+02 
       4.655037925549e-01       4.077595618713e+02 
       4.686106509986e-01       4.018851770888e+02 
       4.717175096320e-01       3.961546907812e+02 
       4.748243684514e-01       3.905781069530e+02 
       4.779312274532e-01       3.851569167331e+02 
       4.810380866338e-01       3.798835134194e+02 
       4.841449459898e-01       3.747449527586e+02 
       4.872518055177e-01       3.697264897742e+02 
       4.903586652145e-01       3.648150053586e+02 
       4.934655250767e-01       3.600006905652e+02 
       4.965723851013e-01       3.552761542287e+02 
       4.996792452854e-01       3.506346599209e+02 
       5.027861056258e-01       3.460690668871e+02 
       5.058929661198e-01       3.415717296230e+02 
       5.089998267644e-01       3.371311537467e+02 
       5.121066875570e-01       3.327475345395e+02 
       5.152135484949e-01       3.284202385259e+02 
       5.183204095754e-01       3.241543265043e+02 
       5.214272707960e-01       3.199569714877e+02 
       5.245341321542e-01       3.158344339919e+02 
       5.276409936475e-01       3.117899405568e+02 
       5.307478552736e-01       3.078239894733e+02 
       5.338547170302e-01       3.039315598404e+02 
       5.369615789149e-01       3.001123542767e+02 
       5.400684409256e-01       2.963652939826e+02 
       5.431753030601e-01       2.926908022578e+02 
       5.462821653162e-01       2.890895907299e+02 
       5.493890276920e-01       2.855619848253e+02 
       5.524958901853e-01       2.821043864528e+02 
       5.556027527943e-01       2.787111878394e+02 
       5.587096155169e-01       2.753758905742e+02 
       5.618164783513e-01       2.720934959418e+02 
       5.649233412956e-01       2.688602488296e+02 
       5.680302043480e-01       2.656758916533e+02 
       5.711370675068e-01       2.625410771419e+02 
       5.742439307702e-01       2.594560402233e+02 
       5.773507941365e-01       2.564197849569e+02 
       5.804576576041e-01       2.534289047076e+02 
       5.835645211713e-01       2.504808671943e+02 
       5.866713848366e-01       2.475740358874e+02 
       5.897782485984e-01       2.447090679480e+02 
       5.928851124552e-01       2.418880175259e+02 
       5.959919764054e-01       2.391142663929e+02 
       5.990988404477e-01       2.363892397950e+02 
       6.022057045807e-01       2.337127090983e+02 
       6.053125688028e-01       2.310823689108e+02 
       6.084194331128e-01       2.284950804616e+02 
       6.115262975092e-01       2.259484094657e+02 
       6.146331619909e-01       2.234414487594e+02 
       6.177400265564e-01       2.209743771594e+02 
       6.208468912046e-01       2.185477108792e+02 
       6.239537559341e-01       2.161612771978e+02 
       6.270606207439e-01       2.138133273820e+02 
       6.301674856326e-01       2.115008152847e+02 
       6.332743505992e-01       2.092207641475e+02 
       6.363812156424e-01       2.069712247231e+02 
       6.394880807612e-01       2.047518520522e+02 
       6.425949459545e-01       2.025635598469e+02 
       6.457018112212e-01       2.004078425696e+02 
       6.488086765602e-01       1.982853007418e+02 
       6.519155419705e-01       1.961951283856e+02 
       6.550224074510e-01       1.941356470339e+02 
       6.581292730009e-01       1.921049214783e+02 
       6.612361386190e-01       1.901017297256e+02 
       6.643430043045e-01       1.881262803675e+02 
       6.674498700564e-01       1.861797196250e+02 
       6.705567358737e-01       1.842630977084e+02 
       6.736636017557e-01       1.823767549001e+02 
       6.767704677013e-01       1.805197499340e+02 
       6.798773337096e-01       1.786900014280e+02 
       6.829841997800e-01       1.768854921250e+02 
       6.860910659114e-01       1.751049289139e+02 
       6.891979321031e-01       1.733479579434e+02 
       6.923047983542e-01       1.716154036160e+02 
       6.954116646641e-01       1.699079355119e+02 
       6.985185310317e-01       1.682255146519e+02 
       7.016253974565e-01       1.665674437440e+02 
       7.047322639376e-01       1.649316515867e+02 
       7.078391304744e-01       1.633166746373e+02 
       7.109459970660e-01       1.617217549335e+02 
       7.140528637117e-01       1.601469920747e+02 
       7.171597304109e-01       1.585933341755e+02 
       7.202665971629e-01       1.570617365046e+02 
       7.233734639669e-01       1.555522310680e+02 
       7.264803308223e-01       1.540641751520e+02 
       7.295871977285e-01       1.525960749088e+02 
       7.973533662711e-01       1.248756771453e+02 
       8.954946498507e-01       9.582702419220e+01 
       1.051590906404e+00       6.610221137581e+01 
       1.298175454562e+00       4.030039492247e+01 
       1.632238354824e+00       2.331494279820e+01 
       2.054831520877e+00       1.332961382472e+01 
       2.586879505929e+00       7.559303313406e+00 
       3.256688347214e+00       4.255785037511e+00 
       4.099927718601e+00       2.380088580082e+00 
       5.161503191466e+00       1.323068821147e+00 
       6.497947530793e+00       7.314100391929e-01 
       8.180431271021e+00       4.022832983305e-01 
       1.029855280652e+01       2.202235693551e-01 
       1.296510983284e+01       1.200378153764e-01 
       1.632210623526e+01       6.516333366090e-02 
       2.054831431357e+01       3.523884628230e-02 
       2.586879505889e+01       1.898668202220e-02 
       3.256688347214e+01       1.019306265085e-02 
       4.099927718601e+01       5.452236702611e-03 
       5.161503191466e+01       2.904960282077e-03 
       6.497947530793e+01       1.541068764109e-03 
       8.180431271021e+01       8.132471659249e-04 
       1.029855280652e+02       4.262962995341e-04 
       1.296510983284e+02       2.214742551707e-04 
       1.632210623526e+02       1.136454762266e-04 
