# Matter power spectrum P(k) at redshift z=0
# for k=5.23499e-06 to 105.958 h/Mpc,
# number of wavenumbers equal to 575
#    1:k (h/Mpc)              2:P (Mpc/h)^3        
       5.234991785391e-06       4.205360547611e+02 
       1.444923295173e-05       1.217001269217e+03 
       2.367700668676e-05       1.973604493915e+03 
       3.293099874673e-05       2.714674971096e+03 
       4.222398879888e-05       3.448660126520e+03 
       5.156890883351e-05       4.178503662236e+03 
       6.097890245435e-05       4.906655550998e+03 
       7.046738546766e-05       5.635442217328e+03 
       8.004810819356e-05       6.365713631084e+03 
       8.973521992642e-05       7.099090851145e+03 
       9.954333597681e-05       7.836323482683e+03 
       1.094876077322e-04       8.578567860700e+03 
       1.195837961781e-04       9.327210955005e+03 
       1.298483493239e-04       1.008301163718e+04 
       1.402984839765e-04       1.084702975646e+04 
       1.509522722984e-04       1.162031911713e+04 
       1.618287335745e-04       1.240396930792e+04 
       1.729479315836e-04       1.319904918788e+04 
       1.843310779362e-04       1.400642860355e+04 
       1.960006416769e-04       1.482722577816e+04 
       2.079804653711e-04       1.566256193608e+04 
       2.202958877771e-04       1.651349118341e+04 
       2.329738730528e-04       1.738112984182e+04 
       2.460431462392e-04       1.826659015583e+04 
       2.595343344976e-04       1.917100238986e+04 
       2.734801132374e-04       2.009552770562e+04 
       2.879153558390e-04       2.104129701887e+04 
       3.028772851424e-04       2.200945609871e+04 
       3.184056242146e-04       2.300114121248e+04 
       3.345427431115e-04       2.401745881384e+04 
       3.513337974070e-04       2.505948000991e+04 
       3.688268531547e-04       2.612822079285e+04 
       3.870729916851e-04       2.722462420158e+04 
       4.061263862366e-04       2.834951722589e+04 
       4.260443409047e-04       2.950358875235e+04 
       4.468872808378e-04       3.068739727651e+04 
       4.687186811082e-04       3.190127159542e+04 
       4.916049203903e-04       3.314524418753e+04 
       5.156150446743e-04       3.441913353350e+04 
       5.408204259922e-04       3.572227855940e+04 
       5.672943018196e-04       3.705371782663e+04 
       5.951111827701e-04       3.841193196959e+04 
       6.243461197453e-04       3.979501302146e+04 
       6.550738270942e-04       4.120033215970e+04 
       6.873676657178e-04       4.262477506127e+04 
       7.212984993420e-04       4.406464091634e+04 
       7.569334480077e-04       4.551560774611e+04 
       7.943345744599e-04       4.697272906265e+04 
       8.335575504646e-04       4.843068516727e+04 
       8.746503597512e-04       4.988365678062e+04 
       9.176521007166e-04       5.132553894385e+04 
       9.625919538105e-04       5.274994735000e+04 
       1.009488374601e-03       5.415046513536e+04 
       1.058348563534e-03       5.552073671456e+04 
       1.109168247895e-03       5.685457870454e+04 
       1.161931791804e-03       5.814617461914e+04 
       1.216612628519e-03       5.938996937135e+04 
       1.273173988175e-03       6.058110276421e+04 
       1.331569876070e-03       6.171531221860e+04 
       1.391746243361e-03       6.278877932586e+04 
       1.453642284904e-03       6.379852787968e+04 
       1.517191797952e-03       6.474218892578e+04 
       1.582324539897e-03       6.561817621387e+04 
       1.648967531945e-03       6.642552884669e+04 
       1.717046266833e-03       6.716366492216e+04 
       1.786485790977e-03       6.783288956611e+04 
       1.857211643349e-03       6.843407768279e+04 
       1.929150643947e-03       6.896836093134e+04 
       2.002231533376e-03       6.943738342458e+04 
       2.076385471563e-03       6.984304616348e+04 
       2.151546408058e-03       7.018739022000e+04 
       2.227651338940e-03       7.047266727083e+04 
       2.304640466441e-03       7.070110757375e+04 
       2.382457277290e-03       7.087527646169e+04 
       2.461048554965e-03       7.099765761023e+04 
       2.540364339628e-03       7.107064159603e+04 
       2.620357847917e-03       7.109678548815e+04 
       2.700985363039e-03       7.107838912190e+04 
       2.782206103927e-03       7.101789717273e+04 
       2.863982080657e-03       7.091750056775e+04 
       2.946277941930e-03       7.077942305529e+04 
       3.029060819166e-03       7.060586773787e+04 
       3.112300170746e-03       7.039892317395e+04 
       3.195967629036e-03       7.016057836922e+04 
       3.280036852126e-03       6.989294949469e+04 
       3.364483381630e-03       6.959782638741e+04 
       3.449284507425e-03       6.927719061677e+04 
       3.534419139878e-03       6.893269343477e+04 
       3.619867689772e-03       6.856603486470e+04 
       3.705611956012e-03       6.817868188361e+04 
       3.791635020956e-03       6.777227078832e+04 
       3.877921153170e-03       6.734833255724e+04 
       3.964455717294e-03       6.690808620777e+04 
       4.051225090660e-03       6.645303970013e+04 
       4.138216586287e-03       6.598435908860e+04 
       4.225418381857e-03       6.550324803830e+04 
       4.312819454265e-03       6.501075115727e+04 
       4.400409519356e-03       6.450790333873e+04 
       4.488178976473e-03       6.399583516179e+04 
       4.576118857443e-03       6.347521888561e+04 
       4.664220779662e-03       6.294711366632e+04 
       4.752476902956e-03       6.241222907962e+04 
       4.840879889903e-03       6.187136032527e+04 
       4.929422869353e-03       6.132507657082e+04 
       5.018099402864e-03       6.077404213921e+04 
       5.106903453820e-03       6.021873722434e+04 
       5.195829359015e-03       5.965955636159e+04 
       5.284871802481e-03       5.909707525493e+04 
       5.374025791386e-03       5.853148741016e+04 
       5.463286633826e-03       5.796310346221e+04 
       5.552649918343e-03       5.739233597794e+04 
       5.642111495038e-03       5.681938014635e+04 
       5.731667458136e-03       5.624433113939e+04 
       5.821314129889e-03       5.566747014692e+04 
       5.911048045703e-03       5.508898160828e+04 
       6.000865940385e-03       5.450904840292e+04 
       6.090764735423e-03       5.392785013985e+04 
       6.180741527216e-03       5.334561971379e+04 
       6.270793576171e-03       5.276239817410e+04 
       6.360918296597e-03       5.217846529424e+04 
       6.451113247339e-03       5.159391714041e+04 
       6.541376123090e-03       5.100907331641e+04 
       6.631704746319e-03       5.042405458139e+04 
       6.722097059780e-03       4.983908851939e+04 
       6.812551119549e-03       4.925443208716e+04 
       6.903065088547e-03       4.867019415343e+04 
       6.993637230514e-03       4.808661227010e+04 
       7.084265904405e-03       4.750393794075e+04 
       7.174949559162e-03       4.692236006596e+04 
       7.265686728848e-03       4.634199684792e+04 
       7.356476028110e-03       4.576311864958e+04 
       7.447316147942e-03       4.518587945131e+04 
       7.538205851739e-03       4.461038341329e+04 
       7.629143971605e-03       4.403688743151e+04 
       7.720129404910e-03       4.346535810134e+04 
       7.811161111069e-03       4.289595422454e+04 
       7.902238108534e-03       4.232882709857e+04 
       7.993359471979e-03       4.176398054435e+04 
       8.084524329668e-03       4.120151547531e+04 
       8.175731860991e-03       4.064138837638e+04 
       8.266981294156e-03       4.008371889677e+04 
       8.358271904035e-03       3.952846161113e+04 
       8.449603010137e-03       3.897565822341e+04 
       8.540973974717e-03       3.842532398390e+04 
       8.632384200999e-03       3.787753958870e+04 
       8.723833131519e-03       3.733223021743e+04 
       8.815320246560e-03       3.678951869200e+04 
       8.906845062697e-03       3.624938887638e+04 
       8.998407131428e-03       3.571186429927e+04 
       9.090006037892e-03       3.517708615624e+04 
       9.181641399667e-03       3.464508711679e+04 
       9.273312865648e-03       3.411588689989e+04 
       9.365020114991e-03       3.358964266759e+04 
       9.456762856127e-03       3.306637688336e+04 
       9.548540825838e-03       3.254620068931e+04 
       9.640353788396e-03       3.202911299063e+04 
       9.732201534755e-03       3.151527764321e+04 
       9.824083881794e-03       3.100473794806e+04 
       9.916000671614e-03       3.049753731376e+04 
       1.000795177089e-02       2.999372907892e+04 
       1.009993707023e-02       2.949332772808e+04 
       1.019195648366e-02       2.899648120516e+04 
       1.028400994802e-02       2.850313010717e+04 
       1.037609742256e-02       2.801334628161e+04 
       1.046821888841e-02       2.752714260968e+04 
       1.056037434819e-02       2.704453220929e+04 
       1.065256382565e-02       2.656557761531e+04 
       1.074478736525e-02       2.609031708422e+04 
       1.083704503191e-02       2.561870518133e+04 
       1.092933691064e-02       2.515086469850e+04 
       1.102166310635e-02       2.468673639186e+04 
       1.111402374351e-02       2.422642063957e+04 
       1.120641896603e-02       2.376993092716e+04 
       1.129884893701e-02       2.331726903458e+04 
       1.139131383856e-02       2.286851245003e+04 
       1.148381387169e-02       2.242370805487e+04 
       1.157634925617e-02       2.198287670072e+04 
       1.166892023042e-02       2.154610177059e+04 
       1.176152705141e-02       2.111337233502e+04 
       1.185416999463e-02       2.068474920039e+04 
       1.194684935400e-02       2.026028460185e+04 
       1.203956544190e-02       1.983999613979e+04 
       1.213231858908e-02       1.942391208766e+04 
       1.222510914474e-02       1.901207360944e+04 
       1.231793747653e-02       1.860450256702e+04 
       1.241080397057e-02       1.820123550504e+04 
       1.250370903155e-02       1.780224774982e+04 
       1.259665308274e-02       1.740761510131e+04 
       1.268963656617e-02       1.701732196930e+04 
       1.278265994263e-02       1.663138989665e+04 
       1.287572369189e-02       1.624983426736e+04 
       1.296882831278e-02       1.587269006545e+04 
       1.306197432333e-02       1.549997919348e+04 
       1.315516226100e-02       1.513169884852e+04 
       1.324839268277e-02       1.476788815041e+04 
       1.334166616545e-02       1.440856814175e+04 
       1.343498330577e-02       1.405376053008e+04 
       1.352834472069e-02       1.370349716059e+04 
       1.362175104762e-02       1.335778558808e+04 
       1.371520294465e-02       1.301664861587e+04 
       1.380870109086e-02       1.268011174448e+04 
       1.390224618658e-02       1.234817711545e+04 
       1.399583895369e-02       1.202087099910e+04 
       1.408948013594e-02       1.169818441343e+04 
       1.418317049928e-02       1.138014609073e+04 
       1.427691083222e-02       1.106675055376e+04 
       1.437070194617e-02       1.075800441792e+04 
       1.446454467583e-02       1.045391531931e+04 
       1.455843987958e-02       1.015449036337e+04 
       1.465238843988e-02       9.859711047982e+03 
       1.474639126373e-02       9.569603510940e+03 
       1.484044928308e-02       9.284165705016e+03 
       1.493456345528e-02       9.003402883600e+03 
       1.502873476361e-02       8.727316673489e+03 
       1.512296421773e-02       8.455906157849e+03 
       1.521725285420e-02       8.189177235873e+03 
       1.531160173704e-02       7.927128276771e+03 
       1.540601195824e-02       7.669758686610e+03 
       1.550048463837e-02       7.417075189085e+03 
       1.559502092714e-02       7.169057855534e+03 
       1.568962200404e-02       6.925716038598e+03 
       1.578428907895e-02       6.687031505836e+03 
       1.587902339280e-02       6.452993691067e+03 
       1.597382621825e-02       6.223596309348e+03 
       1.606869886038e-02       5.998829366261e+03 
       1.616364265742e-02       5.778675477436e+03 
       1.625865898150e-02       5.563119836260e+03 
       1.635374923941e-02       5.352154307141e+03 
       1.644891487340e-02       5.145761276422e+03 
       1.654415736201e-02       4.943915085761e+03 
       1.663947822091e-02       4.746617874183e+03 
       1.673487900378e-02       4.553841873343e+03 
       1.683036130322e-02       4.365576698207e+03 
       1.692592675168e-02       4.181794421426e+03 
       1.702157702245e-02       4.002488963376e+03 
       1.711731383061e-02       3.827619670878e+03 
       1.721313893411e-02       3.657183618795e+03 
       1.730905413484e-02       3.491150374977e+03 
       1.740506127966e-02       3.329489368925e+03 
       1.750116226164e-02       3.172177828005e+03 
       1.759735902116e-02       3.019193800390e+03 
       1.769365354713e-02       2.870497873375e+03 
       1.779004787829e-02       2.726065831350e+03 
       1.788654410448e-02       2.585867416796e+03 
       1.798314436797e-02       2.449870226224e+03 
       1.807985086486e-02       2.318042838002e+03 
       1.817666584651e-02       2.190352983597e+03 
       1.827359162102e-02       2.066768725842e+03 
       1.837063055477e-02       1.947254509125e+03 
       1.846778507401e-02       1.831777224625e+03 
       1.856505766646e-02       1.720301520598e+03 
       1.866245088305e-02       1.612790893932e+03 
       1.875996733968e-02       1.509207055090e+03 
       1.885760971898e-02       1.409510297545e+03 
       1.895538077226e-02       1.313662400501e+03 
       1.905328332142e-02       1.221623911170e+03 
       1.915132026096e-02       1.133349666765e+03 
       1.924949456010e-02       1.048799258568e+03 
       1.934780926491e-02       9.679296301939e+02 
       1.944626750059e-02       8.906948049956e+02 
       1.954487247376e-02       8.170514195966e+02 
       1.964362747489e-02       7.469559823234e+02 
       1.974253588080e-02       6.803600784688e+02 
       1.984160115724e-02       6.172172332706e+02 
       1.994082686158e-02       5.574849175919e+02 
       2.004021664564e-02       5.011118463751e+02 
       2.013977425851e-02       4.480503029620e+02 
       2.023950354965e-02       3.982513703234e+02 
       2.033940847193e-02       3.516662675914e+02 
       2.043949308493e-02       3.082441460693e+02 
       2.053976155830e-02       2.679328789618e+02 
       2.064021817525e-02       2.306821165244e+02 
       2.074086733620e-02       1.964388646585e+02 
       2.084171356259e-02       1.651499222215e+02 
       2.094276150079e-02       1.367618378599e+02 
       2.104401592625e-02       1.112205952006e+02 
       2.114548174771e-02       8.847278488295e+01 
       2.124716401169e-02       6.846140180368e+01 
       2.134906790712e-02       5.113369282998e+01 
       2.145119877015e-02       3.643230004561e+01 
       2.155356208921e-02       2.430211743115e+01 
       2.165616351021e-02       1.468622281336e+01 
       2.175900884207e-02       7.527748854059e+00 
       2.186210406237e-02       2.769100332341e+00 
       2.196545532337e-02       3.522416751659e-01 
       2.206906895817e-02       2.189220372430e-01 
       2.217295148727e-02       2.310517351861e+00 
       2.227710962532e-02       6.567700377175e+00 
       2.238155028824e-02       1.293081054551e+01 
       2.248628060064e-02       2.134151168444e+01 
       2.259130790358e-02       3.173870312183e+01 
       2.269663976273e-02       4.406190458907e+01 
       2.280228397684e-02       5.825124825948e+01 
       2.290824858669e-02       7.424687206643e+01 
       2.301454188442e-02       9.198588137815e+01 
       2.312117242332e-02       1.114084461315e+02 
       2.322814902815e-02       1.324535887292e+02 
       2.333548080584e-02       1.550578508284e+02 
       2.344317715689e-02       1.791567937383e+02 
       2.355124778723e-02       2.046932564973e+02 
       2.365970272070e-02       2.315994952619e+02 
       2.376855231219e-02       2.598130369677e+02 
       2.387780726148e-02       2.892782255128e+02 
       2.398747862776e-02       3.199210552972e+02 
       2.409757784495e-02       3.516891060756e+02 
       2.420811673782e-02       3.845113394025e+02 
       2.431910753901e-02       4.183254769437e+02 
       2.443056290696e-02       4.530704413514e+02 
       2.454249594481e-02       4.886816844177e+02 
       2.465492022040e-02       5.250964183650e+02 
       2.476784978740e-02       5.622510642989e+02 
       2.488129920759e-02       6.000723383620e+02 
       2.499528357449e-02       6.385052107320e+02 
       2.510981853831e-02       6.774770220097e+02 
       2.522492033246e-02       7.169285411149e+02 
       2.534060580156e-02       7.567932318320e+02 
       2.545689243118e-02       7.970027542523e+02 
       2.557379837942e-02       8.374950913690e+02 
       2.569134251041e-02       8.782002162946e+02 
       2.580954442993e-02       9.190601812689e+02 
       2.592842452329e-02       9.600004405714e+02 
       2.604800399563e-02       1.000965925403e+03 
       2.616830491490e-02       1.041883944395e+03 
       2.628935025759e-02       1.082682593427e+03 
       2.641116395755e-02       1.123302972293e+03 
       2.653377095815e-02       1.163673894788e+03 
       2.665719726796e-02       1.203732503069e+03 
       2.678147002031e-02       1.243404882479e+03 
       2.690661753709e-02       1.282617864375e+03 
       2.703266939702e-02       1.321312504711e+03 
       2.715965650892e-02       1.359421451430e+03 
       2.728761119036e-02       1.396869644566e+03 
       2.741656725212e-02       1.433592705180e+03 
       2.754656008908e-02       1.469520181449e+03 
       2.767762677799e-02       1.504584977564e+03 
       2.780980618295e-02       1.538713199018e+03 
       2.794313906916e-02       1.571834468622e+03 
       2.807766822570e-02       1.603874248927e+03 
       2.821343859849e-02       1.634764273540e+03 
       2.835049743404e-02       1.664424220505e+03 
       2.848889443538e-02       1.692790378753e+03 
       2.862868193129e-02       1.719788438397e+03 
       2.876991506012e-02       1.745335984991e+03 
       2.891265196993e-02       1.769368547316e+03 
       2.905695403643e-02       1.791802990685e+03 
       2.920288610092e-02       1.812573072147e+03 
       2.935051673023e-02       1.831594682114e+03 
       2.949991850119e-02       1.848792081626e+03 
       2.965116831247e-02       1.864085946485e+03 
       2.980434772691e-02       1.877399543549e+03 
       2.995954334797e-02       1.888641052656e+03 
       3.011684723441e-02       1.897738366586e+03 
       3.027635735790e-02       1.904614906247e+03 
       3.043817810888e-02       1.909180696190e+03 
       3.060242085689e-02       1.911356561516e+03 
       3.076920457241e-02       1.911064345744e+03 
       3.093865651835e-02       1.908211878831e+03 
       3.111091302069e-02       1.902718355790e+03 
       3.128612032907e-02       1.894503800050e+03 
       3.146443558022e-02       1.883467197312e+03 
       3.164602787884e-02       1.869533468580e+03 
       3.183107951334e-02       1.852617122157e+03 
       3.201978732676e-02       1.832632711226e+03 
       3.221236426671e-02       1.809499310948e+03 
       3.240904114249e-02       1.783140791835e+03 
       3.261006862292e-02       1.753469293437e+03 
       3.281571951447e-02       1.720412944828e+03 
       3.302629136713e-02       1.683893715161e+03 
       3.324210946479e-02       1.643846339771e+03 
       3.346353026830e-02       1.600209704623e+03 
       3.369094539372e-02       1.552938461911e+03 
       3.392478622545e-02       1.501982622994e+03 
       3.416552928601e-02       1.447322189289e+03 
       3.441370251086e-02       1.388942983048e+03 
       3.466989261095e-02       1.326855363829e+03 
       3.493475374776e-02       1.261082431782e+03 
       3.520901779974e-02       1.191701427860e+03 
       3.549350656663e-02       1.118825783393e+03 
       3.578914634448e-02       1.042605579416e+03 
       3.609698541425e-02       9.632542246626e+02 
       3.641821512645e-02       8.810672222828e+02 
       3.675419544302e-02       7.964278717230e+02 
       3.710648602423e-02       7.098449206146e+02 
       3.747688423516e-02       6.219610890675e+02 
       3.786747180491e-02       5.335959967048e+02 
       3.828067231111e-02       4.457849089050e+02 
       3.871932218229e-02       3.598362163000e+02 
       3.918675848626e-02       2.773776577852e+02 
       3.968692732468e-02       2.004156447212e+02 
       4.022451698672e-02       1.314162081080e+02 
       4.080511970486e-02       7.334930722583e+01 
       4.143542403284e-02       2.971472735756e+01 
       4.212343484327e-02       4.503951962967e+00 
       4.287870662819e-02       1.997440944472e+00 
       4.371255296017e-02       2.630372797254e+01 
       4.463815304161e-02       8.044104659801e+01 
       4.567040768710e-02       1.647485643500e+02 
       4.682530489535e-02       2.745279854331e+02 
       4.811848056484e-02       3.972314160608e+02 
       4.956272589007e-02       5.106098350586e+02 
       5.116460635677e-02       5.846632083912e+02 
       5.292120667043e-02       5.903914572445e+02 
       5.481880643099e-02       5.145938383274e+02 
       5.683489164531e-02       3.725648119961e+02 
       5.894293214072e-02       2.072453522977e+02 
       6.111751177302e-02       7.166456509720e+01 
       6.333762180821e-02       4.671236642296e+00 
       6.558763276964e-02       1.470750686860e+01 
       6.785673277769e-02       7.952300752080e+01 
       7.013779591964e-02       1.595288481372e+02 
       7.242626998843e-02       2.163235244592e+02 
       7.471930356067e-02       2.275184068663e+02 
       7.701513214350e-02       1.925476163512e+02 
       7.931267187228e-02       1.289481454405e+02 
       8.161125984934e-02       6.241339241922e+01 
       8.391049160496e-02       1.557938858181e+01 
       8.621012060724e-02       3.401936846981e-03 
       8.850999659463e-02       1.374485374935e+01 
       9.081002790156e-02       4.443871652954e+01 
       9.311015850332e-02       7.572660025385e+01 
       9.541035405137e-02       9.403435422196e+01 
       9.771059338521e-02       9.309953921185e+01 
       1.000108633752e-01       7.496952855316e+01 
       1.023111557896e-01       4.776022909662e+01 
       1.046114653904e-01       2.159522353885e+01 
       1.069117887762e-01       4.560351544292e+00 
       1.092121236780e-01       1.274093164586e-01 
       1.115124685299e-01       6.710821786452e+00 
       1.138128222074e-01       1.912557272393e+01 
       1.161131838673e-01       3.108099470229e+01 
       1.184135528491e-01       3.762761266186e+01 
       1.207139286142e-01       3.668642726137e+01 
       1.230143107077e-01       2.927350790373e+01 
       1.253146987351e-01       1.848759561234e+01 
       1.276150923464e-01       8.237862016618e+00 
       1.299154912265e-01       1.708464946489e+00 
       1.322158950883e-01       5.300968538833e-02 
       1.345163036684e-01       2.565324881178e+00 
       1.368167167230e-01       7.272296305707e+00 
       1.391171340263e-01       1.184169243118e+01 
       1.414175553679e-01       1.443848701466e+01 
       1.437179805517e-01       1.425461393176e+01 
       1.460184093940e-01       1.159778959951e+01 
       1.483188417231e-01       7.589918528237e+00 
       1.506192773779e-01       3.643065079597e+00 
       1.529197162070e-01       9.254903449393e-01 
       1.552201580681e-01       1.310659994898e-04 
       1.575206028276e-01       7.301257714990e-01 
       1.598210503592e-01       2.441909859977e+00 
       1.621215005441e-01       4.248214366234e+00 
       1.644219532703e-01       5.392619823078e+00 
       1.667224084318e-01       5.490377506936e+00 
       1.690228659284e-01       4.598043589710e+00 
       1.713233256655e-01       3.114881680461e+00 
       1.736237875535e-01       1.581605532208e+00 
       1.759242515073e-01       4.652815072926e-01 
       1.782247174467e-01       9.721721538560e-03 
       1.805251852950e-01       1.918854529133e-01 
       1.828256549799e-01       7.794839778287e-01 
       1.851261264324e-01       1.449907029425e+00 
       1.874265995871e-01       1.917192303945e+00 
       1.897270743816e-01       2.021931003139e+00 
       1.920275507568e-01       1.760596894869e+00 
       1.943280286560e-01       1.256835738831e+00 
       1.966285080256e-01       6.955671577218e-01 
       1.989289888142e-01       2.494223894589e-01 
       2.012294709729e-01       2.311614646606e-02 
       2.035299544549e-01       3.084596797392e-02 
       2.058304392157e-01       2.078797995250e-01 
       2.081309252126e-01       4.463148240024e-01 
       2.104314124049e-01       6.388448469827e-01 
       2.127319007535e-01       7.145612873665e-01 
       2.150323902212e-01       6.562317402667e-01 
       2.173328807722e-01       4.963806475775e-01 
       2.196333723723e-01       2.971387082587e-01 
       2.219338649887e-01       1.236241541651e-01 
       2.242343585900e-01       2.105563396490e-02 
       2.265348531461e-01       2.936906934896e-03 
       2.288353486279e-01       5.235874431214e-02 
       2.311358450078e-01       1.335195606105e-01 
       2.334363422590e-01       2.075066342813e-01 
       2.357368403558e-01       2.460021295890e-01 
       2.380373392738e-01       2.386140190585e-01 
       2.403378389891e-01       1.926257877871e-01 
       2.426383394790e-01       1.268937446420e-01 
       2.449388407216e-01       6.317960928752e-02 
       2.472393426957e-01       1.846061583188e-02 
       2.495398453811e-01       4.357961310617e-04 
       2.518403487581e-01       7.031758337402e-03 
       2.541408528079e-01       2.909284972951e-02 
       2.564413575122e-01       5.470030370877e-02 
       2.587418628537e-01       7.341061510087e-02 
       2.610423688153e-01       7.914687552558e-02 
       2.633428753807e-01       7.118261927907e-02 
       2.656433825341e-01       5.332631820794e-02 
       2.679438902605e-01       3.190839259405e-02 
       2.702443985450e-01       1.338628264556e-02 
       2.725449073734e-01       2.330516947070e-03 
       2.748454167321e-01       3.113725617497e-04 
       2.771459266078e-01       5.876208834498e-03 
       2.794464369877e-01       1.545679420949e-02 
       2.817469478594e-01       2.480290794266e-02 
       2.840474592108e-01       3.042723981686e-02 
       2.863479710304e-01       3.060997139855e-02 
       2.886484833069e-01       2.569408620797e-02 
       2.909489960295e-01       1.767355729362e-02 
       2.932495091876e-01       9.283898252302e-03 
       2.955500227710e-01       2.977849834367e-03 
       2.978505367698e-01       1.396341573927e-04 
       3.001510511744e-01       7.794095033896e-04 
       3.024515659755e-01       3.750823448513e-03 
       3.047520811642e-01       7.336241110331e-03 
       3.070525967316e-01       9.939926481285e-03 
       3.093531126693e-01       1.062140140442e-02 
       3.116536289691e-01       9.305914741623e-03 
       3.139541456230e-01       6.648193372663e-03 
       3.162546626231e-01       3.663010291172e-03 
       3.185551799620e-01       1.298107169274e-03 
       3.208556976325e-01       1.145583801255e-04 
       3.231562156272e-01       1.697800164260e-04 
       3.254567339395e-01       1.101467647726e-03 
       3.277572525625e-01       2.339874051851e-03 
       3.300577714897e-01       3.343319440479e-03 
       3.323582907149e-01       3.770158656144e-03 
       3.346588102318e-01       3.543727315945e-03 
       3.369593300344e-01       2.812748304573e-03 
       3.392598501169e-01       1.851923733575e-03 
       3.415603704736e-01       9.473925896550e-04 
       3.438608910991e-01       3.075716295665e-04 
       3.461614119879e-01       2.007499753938e-05 
       3.484619331348e-01       5.442167161147e-05 
       3.507624545347e-01       2.970715662719e-04 
       3.530629761826e-01       6.016840883029e-04 
       3.553634980738e-01       8.371866602036e-04 
       3.576640202034e-01       9.227004259024e-04 
       3.599645425670e-01       8.407413003418e-04 
       3.622650651600e-01       6.322188534841e-04 
       3.645655879781e-01       3.737611100470e-04 
       3.668661110170e-01       1.487400989339e-04 
       3.691666342727e-01       1.971251766567e-05 
       3.714671577410e-01       1.037242853234e-05 
       3.737676814180e-01       1.024800857591e-04 
       3.760682052999e-01       2.470488505847e-04 
       3.783687293830e-01       3.846789540680e-04 
       3.949680750922e-01       8.881430978432e-06 
       4.132648929182e-01       2.193302114403e-05 
       4.337302577526e-01       6.006343917203e-05 
       4.570661171248e-01       1.045013086291e-06 
       4.843748854761e-01       1.193313789312e-05 
       5.175039981841e-01       2.988556352894e-06 
       5.598037190264e-01       2.439452827275e-06 
       6.179077704794e-01       2.977178753487e-06 
       7.057308124176e-01       2.562354577751e-06 
       8.481327125220e-01       2.129698436238e-06 
       1.059836136213e+00       1.653229774809e-06 
       1.333934003701e+00       1.273905121844e-06 
       1.679320662911e+00       1.000748586791e-06 
       2.114139453111e+00       7.832389346254e-07 
       2.661543881597e+00       6.132547829342e-07 
       3.350685227148e+00       4.830216387618e-07 
       4.218262779380e+00       3.784260734416e-07 
       5.310478206587e+00       2.988011120423e-07 
       6.685495963052e+00       2.340043528513e-07 
       8.416540758333e+00       1.849151766914e-07 
       1.059579704007e+01       1.452403726916e-07 
       1.333931815195e+01       1.133414992895e-07 
       1.679320659750e+01       8.853504520157e-08 
       2.114139453110e+01       6.847649228988e-08 
       2.661543881597e+01       5.313325142803e-08 
       3.350685227148e+01       4.036889499546e-08 
       4.218262779380e+01       3.019305864952e-08 
       5.310478206587e+01       2.196223817480e-08 
       6.685495963052e+01       1.511830183362e-08 
       8.416540758333e+01       9.700226299560e-09 
       1.059579704007e+02       5.444739992594e-09 
