# Matter power spectrum P(k) at redshift z=0
# for k=1.01244e-05 to 163.241 h/Mpc,
# number of wavenumbers equal to 626
#    1:k (h/Mpc)              2:P (Mpc/h)^3        
       1.012435437063e-05       6.240924093996e+01 
       2.257651330037e-05       1.381768769011e+02 
       3.506965707062e-05       2.117973325777e+02 
       4.763519422182e-05       2.846386891300e+02 
       6.030501951818e-05       3.571545189862e+02 
       7.311177979152e-05       4.297603726393e+02 
       8.608914775804e-05       5.027897295758e+02 
       9.927210722862e-05       5.765400444256e+02 
       1.126972531610e-04       6.512506429437e+02 
       1.264031100318e-04       7.271297577513e+02 
       1.404304720222e-04       8.044252054809e+02 
       1.548227684820e-04       8.834076110955e+02 
       1.696264580355e-04       9.643208956843e+02 
       1.848914544633e-04       1.047429285137e+03 
       2.006715870763e-04       1.133018902169e+03 
       2.170250976101e-04       1.221397866518e+03 
       2.340151745910e-04       1.312896318871e+03 
       2.517105245226e-04       1.407862946544e+03 
       2.701859769335e-04       1.506672669035e+03 
       2.895231170916e-04       1.609727794227e+03 
       3.098109357708e-04       1.717478411207e+03 
       3.311464795705e-04       1.830389468647e+03 
       3.536354776409e-04       1.948977296027e+03 
       3.773929110041e-04       2.073792400588e+03 
       4.025434788690e-04       2.205425547108e+03 
       4.292219025074e-04       2.344508204274e+03 
       4.575729919410e-04       2.491708417507e+03 
       4.877513850600e-04       2.647729701071e+03 
       5.199208549342e-04       2.813303220780e+03 
       5.542530722346e-04       2.989179204724e+03 
       5.909257103065e-04       3.176114419913e+03 
       6.301197960189e-04       3.374855085460e+03 
       6.720162457932e-04       3.586116572207e+03 
       7.167915877150e-04       3.810558639175e+03 
       7.646129584464e-04       4.048758548309e+03 
       8.156325728484e-04       4.301182258423e+03 
       8.699819817592e-04       4.568153389297e+03 
       9.277665379262e-04       4.849829505805e+03 
       9.890605550501e-04       5.146178946021e+03 
       1.053903645098e-03       5.456970015894e+03 
       1.122298639702e-03       5.781762973609e+03 
       1.194211346097e-03       6.119922754268e+03 
       1.269572181179e-03       6.470632030844e+03 
       1.348279509159e-03       6.832885505281e+03 
       1.430204323406e-03       7.205606813320e+03 
       1.515195796064e-03       7.587628601430e+03 
       1.603087185090e-03       7.977722856587e+03 
       1.693701631244e-03       8.374647644037e+03 
       1.786857474953e-03       8.777173617441e+03 
       1.882372846109e-03       9.184114264884e+03 
       1.980069402286e-03       9.594338844695e+03 
       2.079775194261e-03       1.000679128016e+04 
       2.181326713098e-03       1.042049596492e+04 
       2.284570219489e-03       1.083455802918e+04 
       2.389362477613e-03       1.124817932317e+04 
       2.495571018853e-03       1.166062727322e+04 
       2.603074051826e-03       1.207126557760e+04 
       2.711760119816e-03       1.247952087133e+04 
       2.821527588927e-03       1.288489100615e+04 
       2.932284032756e-03       1.328694545043e+04 
       3.043945563558e-03       1.368529910681e+04 
       3.156436146477e-03       1.407962146929e+04 
       3.269686922559e-03       1.446962164298e+04 
       3.383635557749e-03       1.485506330155e+04 
       3.498225628635e-03       1.523574029704e+04 
       3.613406050982e-03       1.561147700677e+04 
       3.729130553681e-03       1.598212489087e+04 
       3.845357198414e-03       1.634756604522e+04 
       3.962047943751e-03       1.670770132690e+04 
       4.079168251444e-03       1.706244801922e+04 
       4.196686732094e-03       1.741175179933e+04 
       4.314574827084e-03       1.775555038522e+04 
       4.432806523638e-03       1.809382027817e+04 
       4.551358099870e-03       1.842653306179e+04 
       4.670207896890e-03       1.875367215154e+04 
       4.789336115161e-03       1.907524870518e+04 
       4.908724632578e-03       1.939125261654e+04 
       5.028356841920e-03       1.970171327073e+04 
       5.148217505561e-03       2.000662294453e+04 
       5.268292625561e-03       2.030602028964e+04 
       5.388569327408e-03       2.059993470309e+04 
       5.509035755916e-03       2.088838622468e+04 
       5.629680981924e-03       2.117142504381e+04 
       5.750494918588e-03       2.144907207193e+04 
       5.871468246215e-03       2.172138214547e+04 
       5.992592344693e-03       2.198837272722e+04 
       6.113859232683e-03       2.225011952767e+04 
       6.235261512838e-03       2.250664347994e+04 
       6.356792322389e-03       2.275800642169e+04 
       6.478445288534e-03       2.300424137274e+04 
       6.600214488102e-03       2.324540678215e+04 
       6.722094411053e-03       2.348155163723e+04 
       6.844079927402e-03       2.371272098426e+04 
       6.966166257218e-03       2.393898533072e+04 
       7.088348943376e-03       2.416037204200e+04 
       7.210623826788e-03       2.437694905750e+04 
       7.332987023851e-03       2.458876106397e+04 
       7.455434905910e-03       2.479586997507e+04 
       7.577964080510e-03       2.499832198136e+04 
       7.700571374289e-03       2.519616871839e+04 
       7.823253817336e-03       2.538947046303e+04 
       7.946008628874e-03       2.557827872145e+04 
       8.068833204154e-03       2.576264284073e+04 
       8.191725102434e-03       2.594261727530e+04 
       8.314682035948e-03       2.611825098681e+04 
       8.437701859770e-03       2.628960176504e+04 
       8.560782562504e-03       2.645671439242e+04 
       8.683922257704e-03       2.661964751893e+04 
       8.807119175985e-03       2.677845513560e+04 
       8.930371657735e-03       2.693317938230e+04 
       9.053678146408e-03       2.708387290601e+04 
       9.177037182320e-03       2.723059971107e+04 
       9.300447396922e-03       2.737339982712e+04 
       9.423907507500e-03       2.751232072137e+04 
       9.547416312280e-03       2.764742390872e+04 
       9.670972685884e-03       2.777874533120e+04 
       9.794575575129e-03       2.790634406968e+04 
       9.918223995127e-03       2.803026277634e+04 
       1.004191702567e-02       2.815055378188e+04 
       1.016565380789e-02       2.826725908007e+04 
       1.028943354110e-02       2.838042915300e+04 
       1.041325547995e-02       2.849010650445e+04 
       1.053711893172e-02       2.859633893560e+04 
       1.066102325379e-02       2.869917040828e+04 
       1.078496785137e-02       2.879864705535e+04 
       1.090895217527e-02       2.889481107733e+04 
       1.103297571997e-02       2.898770245369e+04 
       1.115703802164e-02       2.907736920944e+04 
       1.128113865651e-02       2.916384567664e+04 
       1.140527723914e-02       2.924718011437e+04 
       1.152945342100e-02       2.932740893480e+04 
       1.165366688899e-02       2.940456909916e+04 
       1.177791736419e-02       2.947870558840e+04 
       1.190220460059e-02       2.954985032315e+04 
       1.202652838399e-02       2.961805416353e+04 
       1.215088853095e-02       2.968334011294e+04 
       1.227528488777e-02       2.974574785174e+04 
       1.239971732963e-02       2.980531693472e+04 
       1.252418575971e-02       2.986207120367e+04 
       1.264869010844e-02       2.991605778910e+04 
       1.277323033273e-02       2.996730648751e+04 
       1.289780641534e-02       3.001585379724e+04 
       1.302241836424e-02       3.006173158379e+04 
       1.314706621207e-02       3.010497206740e+04 
       1.327175001556e-02       3.014560715053e+04 
       1.339646985508e-02       3.018367376489e+04 
       1.352122583423e-02       3.021919262714e+04 
       1.364601807936e-02       3.025220996941e+04 
       1.377084673929e-02       3.028275469537e+04 
       1.389571198492e-02       3.031086150653e+04 
       1.402061400895e-02       3.033656187023e+04 
       1.414555302563e-02       3.035988126452e+04 
       1.427052927050e-02       3.038085365537e+04 
       1.439554300018e-02       3.039951321486e+04 
       1.452059449225e-02       3.041588471031e+04 
       1.464568404502e-02       3.043000880710e+04 
       1.477081197744e-02       3.044190213134e+04 
       1.489597862900e-02       3.045161089414e+04 
       1.502118435966e-02       3.045915158865e+04 
       1.514642954977e-02       3.046456823294e+04 
       1.527171460003e-02       3.046787573418e+04 
       1.539703993154e-02       3.046911563654e+04 
       1.552240598572e-02       3.046831744739e+04 
       1.564781322442e-02       3.046550878763e+04 
       1.577326212989e-02       3.046072216622e+04 
       1.589875320493e-02       3.045398400085e+04 
       1.602428697292e-02       3.044532079068e+04 
       1.614986397792e-02       3.043476942147e+04 
       1.627548478484e-02       3.042235368511e+04 
       1.640114997954e-02       3.040809721733e+04 
       1.652686016901e-02       3.039203603483e+04 
       1.665261598151e-02       3.037420346364e+04 
       1.677841806681e-02       3.035461425401e+04 
       1.690426709636e-02       3.033329854148e+04 
       1.703016376355e-02       3.031028584828e+04 
       1.715610878390e-02       3.028560362287e+04 
       1.728210289537e-02       3.025927653497e+04 
       1.740814685862e-02       3.023132930603e+04 
       1.753424145727e-02       3.020178614215e+04 
       1.766038749826e-02       3.017067636398e+04 
       1.778658581213e-02       3.013801887640e+04 
       1.791283725339e-02       3.010383997264e+04 
       1.803914270084e-02       3.006816544351e+04 
       1.816550305798e-02       3.003101779164e+04 
       1.829191925340e-02       2.999241788498e+04 
       1.841839224117e-02       2.995239252448e+04 
       1.854492300125e-02       2.991096428323e+04 
       1.867151253997e-02       2.986815455044e+04 
       1.879816189048e-02       2.982398416149e+04 
       1.892487211319e-02       2.977847935095e+04 
       1.905164429633e-02       2.973166303993e+04 
       1.917847955640e-02       2.968354977217e+04 
       1.930537903875e-02       2.963417159065e+04 
       1.943234391810e-02       2.958354091278e+04 
       1.955937539914e-02       2.953168355578e+04 
       1.968647471708e-02       2.947862274849e+04 
       1.981364313832e-02       2.942438134012e+04 
       1.994088196101e-02       2.936897575936e+04 
       2.006819251579e-02       2.931243328980e+04 
       2.019557616637e-02       2.925476949778e+04 
       2.032303431031e-02       2.919600726737e+04 
       2.045056837967e-02       2.913617172416e+04 
       2.057817984182e-02       2.907528547760e+04 
       2.070587020016e-02       2.901335682952e+04 
       2.083364099492e-02       2.895042269248e+04 
       2.096149380398e-02       2.888649643047e+04 
       2.108943024374e-02       2.882159158832e+04 
       2.121745196994e-02       2.875573942960e+04 
       2.134556067858e-02       2.868895069990e+04 
       2.147375810686e-02       2.862125803640e+04 
       2.160204603412e-02       2.855267034086e+04 
       2.173042628282e-02       2.848320007516e+04 
       2.185890071957e-02       2.841289325334e+04 
       2.198747125615e-02       2.834174054115e+04 
       2.211613985062e-02       2.826977159857e+04 
       2.224490850842e-02       2.819700539272e+04 
       2.237377928353e-02       2.812345938613e+04 
       2.250275427963e-02       2.804914977024e+04 
       2.263183565135e-02       2.797409391469e+04 
       2.276102560551e-02       2.789831315694e+04 
       2.289032640245e-02       2.782181695299e+04 
       2.301974035734e-02       2.774462949641e+04 
       2.314926984158e-02       2.766676841726e+04 
       2.327891728424e-02       2.758823756707e+04 
       2.340868517353e-02       2.750906466819e+04 
       2.353857605831e-02       2.742925772853e+04 
       2.366859254967e-02       2.734885635799e+04 
       2.379873732257e-02       2.726783864375e+04 
       2.392901311750e-02       2.718624957803e+04 
       2.405942274222e-02       2.710408650862e+04 
       2.418996907353e-02       2.702137702121e+04 
       2.432065505917e-02       2.693812750891e+04 
       2.445148371965e-02       2.685436629184e+04 
       2.458245815030e-02       2.677009817228e+04 
       2.471358152325e-02       2.668533801992e+04 
       2.484485708960e-02       2.660010612872e+04 
       2.497628818154e-02       2.651440868629e+04 
       2.510787821464e-02       2.642826523075e+04 
       2.523963069017e-02       2.634169443701e+04 
       2.537154919753e-02       2.625470017350e+04 
       2.550363741670e-02       2.616730808082e+04 
       2.563589912090e-02       2.607951969218e+04 
       2.576833817920e-02       2.599136111414e+04 
       2.590095855931e-02       2.590283842776e+04 
       2.603376433046e-02       2.581395877799e+04 
       2.616675966636e-02       2.572474797487e+04 
       2.629994884827e-02       2.563521558443e+04 
       2.643333626823e-02       2.554536200481e+04 
       2.656692643232e-02       2.545521771760e+04 
       2.670072396410e-02       2.536478200000e+04 
       2.683473360822e-02       2.527407023425e+04 
       2.696896023401e-02       2.518309238804e+04 
       2.710340883942e-02       2.509185761430e+04 
       2.723808455491e-02       2.500038488547e+04 
       2.737299264762e-02       2.490867857650e+04 
       2.750813852564e-02       2.481675166087e+04 
       2.764352774247e-02       2.472461497346e+04 
       2.777916600163e-02       2.463227643972e+04 
       2.791505916150e-02       2.453975086207e+04 
       2.805121324029e-02       2.444704321638e+04 
       2.818763442125e-02       2.435416722273e+04 
       2.832432905806e-02       2.426113226276e+04 
       2.846130368051e-02       2.416794808106e+04 
       2.859856500031e-02       2.407462169196e+04 
       2.873611991719e-02       2.398116353027e+04 
       2.887397552532e-02       2.388758627226e+04 
       2.901213911986e-02       2.379389731487e+04 
       2.915061820390e-02       2.370010276633e+04 
       2.928942049566e-02       2.360621390725e+04 
       2.942855393599e-02       2.351223797009e+04 
       2.956802669622e-02       2.341818300745e+04 
       2.970784718632e-02       2.332405852013e+04 
       2.984802406347e-02       2.322987344982e+04 
       2.998856624096e-02       2.313563051489e+04 
       3.012948289755e-02       2.304134272356e+04 
       3.027078348716e-02       2.294701656841e+04 
       3.041247774913e-02       2.285265449480e+04 
       3.055457571886e-02       2.275826791915e+04 
       3.069708773900e-02       2.266386296640e+04 
       3.084002447110e-02       2.256944643947e+04 
       3.098339690791e-02       2.247501505566e+04 
       3.112721638622e-02       2.238059178886e+04 
       3.127149460029e-02       2.228617361504e+04 
       3.141624361599e-02       2.219175611250e+04 
       3.156147588564e-02       2.209736168855e+04 
       3.170720426359e-02       2.200299096995e+04 
       3.185344202251e-02       2.190864343552e+04 
       3.200020287063e-02       2.181432725168e+04 
       3.214750096979e-02       2.172004738712e+04 
       3.229535095447e-02       2.162581219221e+04 
       3.244376795177e-02       2.153162230950e+04 
       3.259276760252e-02       2.143747962762e+04 
       3.274236608345e-02       2.134339572908e+04 
       3.289258013066e-02       2.124936439826e+04 
       3.304342706423e-02       2.115540265424e+04 
       3.319492481439e-02       2.106150101489e+04 
       3.334709194897e-02       2.096767319291e+04 
       3.349994770252e-02       2.087391537932e+04 
       3.365351200709e-02       2.078022881340e+04 
       3.380780552473e-02       2.068662301456e+04 
       3.396284968198e-02       2.059309862919e+04 
       3.411866670635e-02       2.049965724620e+04 
       3.427527966501e-02       2.040629725521e+04 
       3.443271250581e-02       2.031302216499e+04 
       3.459099010090e-02       2.021983623128e+04 
       3.475013829293e-02       2.012673377271e+04 
       3.491018394429e-02       2.003372608901e+04 
       3.507115498941e-02       1.994080938446e+04 
       3.523308049046e-02       1.984798066982e+04 
       3.539599069672e-02       1.975524407801e+04 
       3.555991710782e-02       1.966259949717e+04 
       3.572489254129e-02       1.957005205228e+04 
       3.589095120464e-02       1.947759149260e+04 
       3.605812877248e-02       1.938522130881e+04 
       3.622646246891e-02       1.929294511881e+04 
       3.639599115585e-02       1.920075127446e+04 
       3.656675542765e-02       1.910865236425e+04 
       3.673879771261e-02       1.901663348637e+04 
       3.691216238191e-02       1.892471038630e+04 
       3.708689586680e-02       1.883285961751e+04 
       3.726304678461e-02       1.874108956770e+04 
       3.744066607448e-02       1.864940490095e+04 
       3.761980714371e-02       1.855778886765e+04 
       3.780052602572e-02       1.846624157832e+04 
       3.798288155069e-02       1.837476478902e+04 
       3.816693553025e-02       1.828334808184e+04 
       3.835275295744e-02       1.819199037038e+04 
       3.854040222357e-02       1.810068168799e+04 
       3.872995535372e-02       1.800942331173e+04 
       3.892148826273e-02       1.791820383798e+04 
       3.911508103392e-02       1.782702489412e+04 
       3.931081822295e-02       1.773586890376e+04 
       3.950878918951e-02       1.764473647563e+04 
       3.970908846004e-02       1.755362090021e+04 
       3.991181612487e-02       1.746251106422e+04 
       4.011707827371e-02       1.737139185011e+04 
       4.032498747418e-02       1.728026764862e+04 
       4.053566329822e-02       1.718911853482e+04 
       4.074923290237e-02       1.709793575733e+04 
       4.096583166856e-02       1.700670676681e+04 
       4.118560391295e-02       1.691542369135e+04 
       4.140870367158e-02       1.682407087455e+04 
       4.163529557302e-02       1.673263554576e+04 
       4.186555580936e-02       1.664109839913e+04 
       4.209967321929e-02       1.654944721782e+04 
       4.233785049860e-02       1.645766426861e+04 
       4.258030555632e-02       1.636573031434e+04 
       4.282727303770e-02       1.627362700763e+04 
       4.307900603871e-02       1.618133328181e+04 
       4.333577804114e-02       1.608882559633e+04 
       4.359788510265e-02       1.599608230219e+04 
       4.386564834205e-02       1.590307913024e+04 
       4.413941676807e-02       1.580978260881e+04 
       4.441957050858e-02       1.571616272025e+04 
       4.470652450865e-02       1.562219087120e+04 
       4.500073277934e-02       1.552782414826e+04 
       4.530269329587e-02       1.543302774934e+04 
       4.561295366440e-02       1.533776240841e+04 
       4.593211770222e-02       1.524197429339e+04 
       4.626085310781e-02       1.514561556448e+04 
       4.659990043694e-02       1.504863005425e+04 
       4.695008365055e-02       1.495095344701e+04 
       4.731232256269e-02       1.485251726935e+04 
       4.768764759559e-02       1.475324134126e+04 
       4.807721734928e-02       1.465303506590e+04 
       4.848233961994e-02       1.455180135165e+04 
       4.890449666349e-02       1.444942336007e+04 
       4.934537570708e-02       1.434576977708e+04 
       4.980690597456e-02       1.424068999534e+04 
       5.029130382542e-02       1.413400459302e+04 
       5.080112802801e-02       1.402550585510e+04 
       5.133934771036e-02       1.391494138386e+04 
       5.190942616701e-02       1.380201354931e+04 
       5.251542443658e-02       1.368635109050e+04 
       5.316212934984e-02       1.356750000524e+04 
       5.385521142998e-02       1.344489717347e+04 
       5.460141825305e-02       1.331782177062e+04 
       5.540880790015e-02       1.318534465944e+04 
       5.628702345036e-02       1.304625724906e+04 
       5.724760021611e-02       1.289896310469e+04 
       5.830427749989e-02       1.274133021588e+04 
       5.947324778150e-02       1.257049011211e+04 
       6.077320744731e-02       1.238259853364e+04 
       6.222496683482e-02       1.217255166452e+04 
       6.385025041305e-02       1.193376264656e+04 
       6.566925916097e-02       1.165821374602e+04 
       6.769679213529e-02       1.133711294794e+04 
       6.993750885514e-02       1.096254149120e+04 
       7.238217061956e-02       1.053015583939e+04 
       7.500736963146e-02       1.004211867140e+04 
       7.777986255782e-02       9.508784023368e+03 
       8.066363182571e-02       8.947870968023e+03 
       8.362615549167e-02       8.381434690585e+03 
       8.664167265560e-02       7.831960751495e+03 
       8.969158129985e-02       7.319010042462e+03 
       9.276326925710e-02       6.857077601355e+03 
       9.584853254810e-02       6.454725177700e+03 
       9.894217417661e-02       6.114703160121e+03 
       1.020409561875e-01       5.834684717441e+03 
       1.051428817430e-01       5.608309636525e+03 
       1.082467270309e-01       5.426304833934e+03 
       1.113517447679e-01       5.277596110205e+03 
       1.144574795942e-01       5.150384779629e+03 
       1.175636543131e-01       5.033182698760e+03 
       1.206701002210e-01       4.915796581523e+03 
       1.237767145984e-01       4.790175388050e+03 
       1.268834348309e-01       4.651031213473e+03 
       1.299902226757e-01       4.496122730511e+03 
       1.330970547021e-01       4.326149111465e+03 
       1.362039164873e-01       4.144294067840e+03 
       1.393107990907e-01       3.955506139104e+03 
       1.424176969139e-01       3.765658447630e+03 
       1.455246064002e-01       3.580722648382e+03 
       1.486315252443e-01       3.406071086997e+03 
       1.517384519116e-01       3.245964915463e+03 
       1.548453853458e-01       3.103250476785e+03 
       1.579523247902e-01       2.979254330812e+03 
       1.610592696785e-01       2.873842366117e+03 
       1.641662195677e-01       2.785602430284e+03 
       1.672731740969e-01       2.712106138166e+03 
       1.703801329616e-01       2.650221289636e+03 
       1.734870958973e-01       2.596436657131e+03 
       1.765940626692e-01       2.547301803672e+03 
       1.797010330658e-01       2.500115718908e+03 
       1.828080068941e-01       2.451122550822e+03 
       1.859149839766e-01       2.398228290887e+03 
       1.890219641490e-01       2.340262008437e+03 
       1.921289472587e-01       2.276988314039e+03 
       1.952359331636e-01       2.209006103880e+03 
       1.983429217307e-01       2.137565867971e+03 
       2.014499128355e-01       2.064343243209e+03 
       2.045569063613e-01       1.991195557054e+03 
       2.076639021986e-01       1.919938619149e+03 
       2.107709002442e-01       1.852168460011e+03 
       2.138779004012e-01       1.789133804403e+03 
       2.169849025783e-01       1.731665134423e+03 
       2.200919066893e-01       1.680151574147e+03 
       2.231989126528e-01       1.634559996232e+03 
       2.263059203920e-01       1.594483880010e+03 
       2.294129298343e-01       1.559211342281e+03 
       2.325199409109e-01       1.527811197050e+03 
       2.356269535569e-01       1.499225669909e+03 
       2.387339677104e-01       1.472365646707e+03 
       2.418409833131e-01       1.446203670132e+03 
       2.449480003094e-01       1.419857118045e+03 
       2.480550186467e-01       1.392651768828e+03 
       2.511620382748e-01       1.364166408708e+03 
       2.542690591463e-01       1.334246575770e+03 
       2.573760812157e-01       1.302991343085e+03 
       2.604831044399e-01       1.270715084939e+03 
       2.635901287779e-01       1.237889799178e+03 
       2.666971541906e-01       1.205076374700e+03 
       2.698041806405e-01       1.172855842109e+03 
       2.729112080922e-01       1.141764053630e+03 
       2.760182365114e-01       1.112243242343e+03 
       2.791252658658e-01       1.084606951751e+03 
       2.822322961243e-01       1.059023620301e+03 
       2.853393272572e-01       1.035516994017e+03 
       2.884463592361e-01       1.013978992486e+03 
       2.915533920339e-01       9.941939126292e+02 
       2.946604256243e-01       9.758682437367e+02 
       2.977674599827e-01       9.586646652487e+02 
       3.008744950849e-01       9.422345979771e+02 
       3.039815309081e-01       9.262490047228e+02 
       3.070885674303e-01       9.104235492326e+02 
       3.101956046304e-01       8.945379515712e+02 
       3.133026424882e-01       8.784461111935e+02 
       3.164096809841e-01       8.620813850460e+02 
       3.195167200994e-01       8.454514222425e+02 
       3.226237598162e-01       8.286291053676e+02 
       3.257308001171e-01       8.117364788922e+02 
       3.288378409856e-01       7.949277760531e+02 
       3.319448824056e-01       7.783699715924e+02 
       3.350519243618e-01       7.622250670004e+02 
       3.381589668392e-01       7.466335682333e+02 
       3.412660098235e-01       7.317040651783e+02 
       3.443730533011e-01       7.175039272700e+02 
       3.474800972585e-01       7.040574594586e+02 
       3.505871416830e-01       6.913470344685e+02 
       3.536941865622e-01       6.793180960158e+02 
       3.568012318842e-01       6.678875745704e+02 
       3.599082776375e-01       6.569543351090e+02 
       3.630153238109e-01       6.464096226832e+02 
       3.661223703937e-01       6.361474532751e+02 
       3.692294173755e-01       6.260735407419e+02 
       3.723364647463e-01       6.161121103834e+02 
       3.754435124965e-01       6.062100763795e+02 
       3.785505606165e-01       5.963378915922e+02 
       3.816576090974e-01       5.864892269976e+02 
       3.847646579304e-01       5.766766880598e+02 
       3.878717071069e-01       5.669282773583e+02 
       3.909787566188e-01       5.572816955900e+02 
       3.940858064581e-01       5.477791376811e+02 
       3.971928566170e-01       5.384626573838e+02 
       4.002999070882e-01       5.293694620314e+02 
       4.034069578643e-01       5.205297386288e+02 
       4.065140089384e-01       5.119643734229e+02 
       4.096210603036e-01       5.036843341716e+02 
       4.127281119534e-01       4.956904997337e+02 
       4.158351638812e-01       4.879744026323e+02 
       4.189422160811e-01       4.805200897355e+02 
       4.220492685468e-01       4.733051359865e+02 
       4.251563212725e-01       4.663030244014e+02 
       4.282633742526e-01       4.594851397609e+02 
       4.313704274816e-01       4.528226645050e+02 
       4.344774809541e-01       4.462886671960e+02 
       4.375845346648e-01       4.398597326555e+02 
       4.406915886088e-01       4.335172149427e+02 
       4.437986427811e-01       4.272483842213e+02 
       4.469056971770e-01       4.210464441286e+02 
       4.500127517917e-01       4.149107335497e+02 
       4.531198066208e-01       4.088457615180e+02 
       4.562268616599e-01       4.028605338460e+02 
       4.593339169046e-01       3.969666512507e+02 
       4.624409723510e-01       3.911771541854e+02 
       4.655480279948e-01       3.855047091041e+02 
       4.686550838321e-01       3.799601378814e+02 
       4.717621398592e-01       3.745514080152e+02 
       4.748691960723e-01       3.692826073693e+02 
       4.779762524677e-01       3.641537674745e+02 
       4.810833090419e-01       3.591610030692e+02 
       4.841903657914e-01       3.542967729201e+02 
       4.872974227129e-01       3.495511444362e+02 
       4.904044798031e-01       3.449124849557e+02 
       4.935115370589e-01       3.403687979638e+02 
       4.966185944770e-01       3.359087950423e+02 
       4.997256520544e-01       3.315224865774e+02 
       5.028327097883e-01       3.272020904904e+02 
       5.059397676756e-01       3.229423048643e+02 
       5.090468257136e-01       3.187401744759e+02 
       5.121538838996e-01       3.145951070059e+02 
       5.152609422307e-01       3.105081361849e+02 
       5.183680007046e-01       3.064816599315e+02 
       5.214750593184e-01       3.025186589642e+02 
       5.245821180699e-01       2.986222429294e+02 
       5.276891769564e-01       2.947951593796e+02 
       5.307962359758e-01       2.910394468070e+02 
       5.339032951255e-01       2.873561801576e+02 
       5.370103544034e-01       2.837455819702e+02 
       5.401174138073e-01       2.802068921487e+02 
       5.432244733349e-01       2.767386386274e+02 
       5.463315329842e-01       2.733386226022e+02 
       5.494385927531e-01       2.700041750786e+02 
       5.525456526395e-01       2.667322215953e+02 
       5.556527126415e-01       2.635195963519e+02 
       5.587597727572e-01       2.603630534022e+02 
       5.618668329846e-01       2.572595453268e+02 
       5.649738933219e-01       2.542061700796e+02 
       5.680809537673e-01       2.512004061263e+02 
       5.711880143191e-01       2.482400902226e+02 
       5.742950749755e-01       2.453236095859e+02 
       5.774021357348e-01       2.424498781831e+02 
       5.805091965953e-01       2.396182445268e+02 
       5.836162575555e-01       2.368283988392e+02 
       5.867233186137e-01       2.340804850109e+02 
       5.898303797684e-01       2.313749512224e+02 
       5.929374410181e-01       2.287121967801e+02 
       5.960445023612e-01       2.260925467715e+02 
       5.991515637964e-01       2.235161697601e+02 
       6.022586253222e-01       2.209830605462e+02 
       6.053656869372e-01       2.184927863960e+02 
       6.084727486400e-01       2.160445767062e+02 
       6.115798104293e-01       2.136373993752e+02 
       6.146868723037e-01       2.112700348812e+02 
       6.177939342621e-01       2.089410953989e+02 
       6.209009963030e-01       2.066490712561e+02 
       6.240080584254e-01       2.043925565833e+02 
       6.271151206279e-01       2.021702775008e+02 
       6.302221829094e-01       1.999809678147e+02 
       6.333292452687e-01       1.978236057879e+02 
       6.364363077047e-01       1.956974137841e+02 
       6.395433702162e-01       1.936016701981e+02 
       6.426504328022e-01       1.915357763348e+02 
       6.457574954616e-01       1.894994024980e+02 
       6.488645581933e-01       1.874922158127e+02 
       6.519716209963e-01       1.855138414318e+02 
       6.550786838695e-01       1.835641029936e+02 
       6.581857468120e-01       1.816428217566e+02 
       6.612928098228e-01       1.797496055113e+02 
       6.643998729010e-01       1.778842385635e+02 
       6.675069360455e-01       1.760464415798e+02 
       6.706139992555e-01       1.742357666847e+02 
       6.737210625300e-01       1.724517751674e+02 
       6.768281258682e-01       1.706940113749e+02 
       6.799351892692e-01       1.689617382273e+02 
       6.830422527322e-01       1.672546086705e+02 
       6.861493162562e-01       1.655719209910e+02 
       6.892563798405e-01       1.639129135832e+02 
       6.923634434842e-01       1.622770570506e+02 
       6.954705071866e-01       1.606637779261e+02 
       6.985775709468e-01       1.590725494113e+02 
       7.016846347642e-01       1.575030245065e+02 
       7.047916986379e-01       1.559544425583e+02 
       7.078987625671e-01       1.544267817683e+02 
       7.110058265513e-01       1.529194957247e+02 
       7.141128905895e-01       1.514326036297e+02 
       7.172199546813e-01       1.499656239907e+02 
       7.203270188257e-01       1.485182130598e+02 
       7.234340830223e-01       1.470904745752e+02 
       7.265411472702e-01       1.456819121010e+02 
       7.296482115689e-01       1.442921730920e+02 
       7.974242195319e-01       1.180851197054e+02 
       8.955821931343e-01       9.061771478454e+01 
       1.051707813338e+00       6.250906597849e+01 
       1.298332116954e+00       3.811166126590e+01 
       1.632437189435e+00       2.205015203041e+01 
       2.055081879454e+00       1.260654301094e+01 
       2.587194688887e+00       7.148700996722e+00 
       3.257085139048e+00       4.023624696258e+00 
       4.100427249925e+00       2.249033447413e+00 
       5.162132064144e+00       1.248916648081e+00 
       6.498739234588e+00       6.891265874177e-01 
       8.181427967047e+00       3.777950459890e-01 
       1.029980757248e+01       2.056935560186e-01 
       1.296668948958e+01       1.111058445931e-01 
       1.632409490528e+01       5.942812799063e-02 
       2.055081790080e+01       3.138051237459e-02 
       2.587194688847e+01       1.627884686433e-02 
       3.257085139048e+01       8.231860764461e-03 
       4.100427249925e+01       4.009004802582e-03 
       5.162132064144e+01       1.846703894352e-03 
       6.498739234588e+01       7.816019462663e-04 
       8.181427967047e+01       2.902846013434e-04 
       1.029980757248e+02       8.724418533165e-05 
       1.296668948958e+02       1.790854876250e-05 
       1.632409490528e+02       1.446790594005e-06 
